8 20 4 -128 1 4 64 66.67 10.780000000000001 23.429763657750954 4.319518148358945 5.0434999999999945 10.782600000000002 
8 20 4 -128 2 4 64 66.67 10.61 23.108592368722523 4.376664660250762 5.0434999999999945 10.608699999999999 
8 20 4 -128 4 4 64 66.67 10.61 23.114374681647693 4.3882738851249945 4.8696000000000055 10.608699999999999 
8 20 4 -128 8 4 64 66.67 10.430000000000007 23.33491792101872 4.537363197372487 4.8696000000000055 10.434799999999996 
8 20 4 -128 16 4 64 66.67 11.299999999999997 23.699136333524436 4.9381767687885105 5.217399999999998 11.304299999999998 
8 20 4 -128 32 4 64 71.43 11.829999999999998 23.443520842259993 3.7894061815829327 5.391300000000001 11.826099999999997 
8 20 4 -128 64 4 64 71.43 13.739999999999995 23.833726101686953 4.084796043500791 6.087000000000003 13.739099999999993 
8 20 4 -64 1 4 64 66.67 11.480000000000004 25.38640497416813 7.80483567486576 4.695700000000002 11.478300000000004 
8 20 4 -64 2 4 64 66.67 11.650000000000006 25.398309736072893 7.848573856208668 4.695700000000002 11.652199999999993 
8 20 4 -64 4 4 64 66.67 11.650000000000006 25.24153522403522 7.8013763104563685 4.8696000000000055 11.652199999999993 
8 20 4 -64 8 4 64 66.67 11.650000000000006 25.268190667357334 7.780857149125969 5.0434999999999945 11.652199999999993 
8 20 4 -64 16 4 64 61.9 10.780000000000001 23.656410960056313 4.633274838865675 4.3478000000000065 10.782600000000002 
8 20 4 -64 32 4 64 71.43 11.650000000000006 23.354316028302996 4.5353089503817845 4.695700000000002 11.652199999999993 
8 20 4 -64 64 4 64 71.43 13.739999999999995 23.163031713154524 3.432989623997819 5.0434999999999945 13.739099999999993 
8 20 4 -32 1 4 64 85.71000000000001 13.040000000000006 27.500251685091225 12.59435337645544 7.1303999999999945 13.043499999999995 
8 20 4 -32 2 4 64 76.19 12.700000000000003 27.557568195741073 12.570954098063412 6.782600000000002 12.695700000000002 
8 20 4 -32 4 4 64 76.19 12.519999999999996 27.546655497328373 12.555445562999443 6.782600000000002 12.521699999999996 
8 20 4 -32 8 4 64 66.67 12.170000000000002 26.054439320773913 9.472265269520353 6.087000000000003 12.173900000000003 
8 20 4 -32 16 4 64 66.67 12.349999999999994 25.90489529260669 9.084583634038438 5.739099999999993 12.347800000000007 
8 20 4 -32 32 4 64 66.67 12.170000000000002 23.804903034624864 4.702961065528084 5.217399999999998 12.173900000000003 
8 20 4 -32 64 4 64 71.43 14.090000000000003 23.15865645877927 3.433324902735491 5.217399999999998 14.087000000000003 
8 20 4 -16 1 4 64 85.71000000000001 14.61 30.6253115975735 18.57308723847562 8.521699999999996 14.608699999999999 
8 20 4 -16 2 4 64 85.71000000000001 14.61 30.16641137081613 18.298089671677108 8.347800000000007 14.608699999999999 
8 20 4 -16 4 4 64 80.95 13.39 29.33611527802004 16.610659562386488 7.478300000000004 13.391300000000001 
8 20 4 -16 8 4 64 76.19 12.870000000000005 29.343941556679653 16.58903836994515 6.9565000000000055 12.869600000000005 
8 20 4 -16 16 4 64 66.67 12.700000000000003 26.17899498518464 9.428151394003834 5.912999999999997 12.695700000000002 
8 20 4 -16 32 4 64 71.43 12.349999999999994 24.02563426260247 4.938037858362681 5.391300000000001 12.347800000000007 
8 20 4 -16 64 4 64 71.43 14.260000000000005 22.90349566939229 2.9192798567624365 5.391300000000001 14.260900000000007 
8 20 4 -8 1 4 64 90.48 15.480000000000004 31.607591090567286 22.063034428826143 9.565200000000004 15.478300000000004 
8 20 4 -8 2 4 64 90.48 14.959999999999994 30.614945297207203 18.549462768250866 8.869600000000005 14.956500000000005 
8 20 4 -8 4 4 64 85.71000000000001 14.260000000000005 30.173355815260575 18.296082884671797 8.173900000000003 14.260900000000007 
8 20 4 -8 8 4 64 80.95 13.219999999999999 29.332147024051785 16.60679214078282 7.304299999999998 13.217399999999998 
8 20 4 -8 16 4 64 66.67 12.870000000000005 26.18244084823196 9.512834022980677 6.434799999999996 12.869600000000005 
8 20 4 -8 32 4 64 71.43 13.040000000000006 24.32675946861165 4.932871985280979 5.565200000000004 13.043499999999995 
8 20 4 -8 64 4 64 71.43 14.430000000000007 23.574654394557495 3.453822796627914 5.739099999999993 14.434799999999996 
8 20 4 -4 1 4 64 90.48 16.0 32.86169501133787 26.90079144753135 9.912999999999997 16.0 
8 20 4 -4 2 4 64 90.48 15.650000000000006 31.60141825106111 22.066060753806987 9.739099999999993 15.652199999999993 
8 20 4 -4 4 4 64 85.71000000000001 14.430000000000007 30.62630366106556 18.57388449394533 8.521699999999996 14.434799999999996 
8 20 4 -4 8 4 64 80.95 13.219999999999999 29.332147024051785 16.60679214078282 7.304299999999998 13.217399999999998 
8 20 4 -4 16 4 64 66.67 12.700000000000003 26.68925589309048 9.952895309080914 6.260900000000007 12.695700000000002 
8 20 4 -4 32 4 64 71.43 13.219999999999999 25.06084331954333 6.593329449481568 5.739099999999993 13.217399999999998 
8 20 4 -4 64 4 64 71.43 14.430000000000007 23.574654394557495 3.453822796627914 5.739099999999993 14.434799999999996 
8 20 4 -2 1 4 64 90.48 16.0 32.86169501133787 26.90079144753135 9.912999999999997 16.0 
8 20 4 -2 2 4 64 90.48 16.0 32.86169501133787 26.90079144753135 9.912999999999997 16.0 
8 20 4 -2 4 4 64 85.71000000000001 14.430000000000007 30.62630366106556 18.57388449394533 8.521699999999996 14.434799999999996 
8 20 4 -2 8 4 64 80.95 13.219999999999999 29.332147024051785 16.60679214078282 7.304299999999998 13.217399999999998 
8 20 4 -2 16 4 64 66.67 12.700000000000003 26.68925589309048 9.952895309080914 6.260900000000007 12.695700000000002 
8 20 4 -2 32 4 64 71.43 13.219999999999999 25.06084331954333 6.593329449481568 5.739099999999993 13.217399999999998 
8 20 4 -2 64 4 64 71.43 14.430000000000007 23.574654394557495 3.453822796627914 5.739099999999993 14.434799999999996 
8 20 4 0 1 4 64 90.48 16.17 32.85829365079365 26.899101360439296 10.087000000000003 16.173900000000003 
8 20 4 0 2 4 64 90.48 16.0 32.86169501133787 26.90079144753135 9.912999999999997 16.0 
8 20 4 0 4 4 64 85.71000000000001 14.61 30.61868461344652 18.548682005811216 8.695700000000002 14.608699999999999 
8 20 4 0 8 4 64 80.95 13.219999999999999 29.194580886485646 16.64742805079868 7.1303999999999945 13.217399999999998 
8 20 4 0 16 4 64 66.67 12.700000000000003 26.68925589309048 9.952895309080914 6.260900000000007 12.695700000000002 
8 20 4 0 32 4 64 71.43 13.040000000000006 25.130813204730604 6.639262592046561 5.565200000000004 13.043499999999995 
8 20 4 0 64 4 64 71.43 14.780000000000001 23.683914699469973 3.615948130924067 6.087000000000003 14.782600000000002 
