1 0 4 -128 16 4 64 76.19 14.780000000000001 24.259594399013167 3.689913327680458 5.739099999999993 14.608699999999999 
1 0 4 -64 16 4 64 76.19 14.090000000000003 23.91864574682502 3.2022633959475333 4.173900000000003 13.912999999999997 
1 0 4 -32 16 4 64 76.19 12.700000000000003 23.605513891518797 2.6840678297742224 2.2609000000000066 12.695700000000002 
1 0 4 -16 16 4 64 76.19 12.870000000000005 23.618812480185035 2.687243799741938 2.2609000000000066 12.869600000000005 
1 0 4 -8 16 4 64 76.19 13.219999999999999 23.877937200307194 3.308676906887335 2.2609000000000066 13.217399999999998 
1 0 4 -4 16 4 64 76.19 13.219999999999999 23.86622065598196 3.3169387760753004 2.4347999999999956 13.217399999999998 
1 0 4 -2 16 4 64 76.19 13.219999999999999 24.183064784937887 3.8590026459053295 2.782600000000002 13.217399999999998 
1 0 4 0 16 4 64 76.19 13.219999999999999 24.265854567517582 3.9666734891834388 3.1303999999999945 13.217399999999998 
1 10 4 -128 16 4 64 76.19 14.780000000000001 24.259594399013167 3.689913327680458 5.739099999999993 14.608699999999999 
1 10 4 -64 16 4 64 76.19 14.090000000000003 23.91864574682502 3.2022633959475333 4.173900000000003 13.912999999999997 
1 10 4 -32 16 4 64 76.19 12.700000000000003 23.605513891518797 2.6840678297742224 2.2609000000000066 12.695700000000002 
1 10 4 -16 16 4 64 76.19 12.870000000000005 23.618812480185035 2.687243799741938 2.2609000000000066 12.869600000000005 
1 10 4 -8 16 4 64 76.19 13.219999999999999 23.877937200307194 3.308676906887335 2.2609000000000066 13.217399999999998 
1 10 4 -4 16 4 64 76.19 13.219999999999999 23.86622065598196 3.3169387760753004 2.4347999999999956 13.217399999999998 
1 10 4 -2 16 4 64 76.19 13.219999999999999 24.183064784937887 3.8590026459053295 2.782600000000002 13.217399999999998 
1 10 4 0 16 4 64 76.19 13.219999999999999 24.265854567517582 3.9666734891834388 3.1303999999999945 13.217399999999998 
1 15 4 -128 16 4 64 76.19 14.780000000000001 24.259594399013167 3.689913327680458 5.739099999999993 14.608699999999999 
1 15 4 -64 16 4 64 76.19 14.090000000000003 23.91864574682502 3.2022633959475333 4.173900000000003 13.912999999999997 
1 15 4 -32 16 4 64 76.19 12.700000000000003 23.605513891518797 2.6840678297742224 2.2609000000000066 12.695700000000002 
1 15 4 -16 16 4 64 76.19 12.870000000000005 23.618812480185035 2.687243799741938 2.2609000000000066 12.869600000000005 
1 15 4 -8 16 4 64 76.19 13.219999999999999 23.877937200307194 3.308676906887335 2.2609000000000066 13.217399999999998 
1 15 4 -4 16 4 64 76.19 13.219999999999999 23.86622065598196 3.3169387760753004 2.4347999999999956 13.217399999999998 
1 15 4 -2 16 4 64 76.19 13.219999999999999 24.183064784937887 3.8590026459053295 2.782600000000002 13.217399999999998 
1 15 4 0 16 4 64 76.19 13.219999999999999 24.265854567517582 3.9666734891834388 3.1303999999999945 13.217399999999998 
1 20 4 -128 16 4 64 76.19 14.780000000000001 24.259594399013167 3.689913327680458 5.739099999999993 14.608699999999999 
1 20 4 -64 16 4 64 76.19 14.090000000000003 23.91864574682502 3.2022633959475333 4.173900000000003 13.912999999999997 
1 20 4 -32 16 4 64 76.19 12.700000000000003 23.605513891518797 2.6840678297742224 2.2609000000000066 12.695700000000002 
1 20 4 -16 16 4 64 76.19 12.870000000000005 23.618812480185035 2.687243799741938 2.2609000000000066 12.869600000000005 
1 20 4 -8 16 4 64 76.19 13.219999999999999 23.877937200307194 3.308676906887335 2.2609000000000066 13.217399999999998 
1 20 4 -4 16 4 64 76.19 13.219999999999999 23.86622065598196 3.3169387760753004 2.4347999999999956 13.217399999999998 
1 20 4 -2 16 4 64 76.19 13.219999999999999 24.183064784937887 3.8590026459053295 2.782600000000002 13.217399999999998 
1 20 4 0 16 4 64 76.19 13.219999999999999 24.265854567517582 3.9666734891834388 3.1303999999999945 13.217399999999998 
1 25 4 -128 16 4 64 76.19 14.780000000000001 24.259594399013167 3.689913327680458 5.739099999999993 14.608699999999999 
1 25 4 -64 16 4 64 76.19 14.090000000000003 23.91864574682502 3.2022633959475333 4.173900000000003 13.912999999999997 
1 25 4 -32 16 4 64 76.19 12.700000000000003 23.605513891518797 2.6840678297742224 2.2609000000000066 12.695700000000002 
1 25 4 -16 16 4 64 76.19 12.870000000000005 23.618812480185035 2.687243799741938 2.2609000000000066 12.869600000000005 
1 25 4 -8 16 4 64 76.19 13.219999999999999 23.877937200307194 3.308676906887335 2.2609000000000066 13.217399999999998 
1 25 4 -4 16 4 64 76.19 13.219999999999999 23.86622065598196 3.3169387760753004 2.4347999999999956 13.217399999999998 
1 25 4 -2 16 4 64 76.19 13.219999999999999 24.183064784937887 3.8590026459053295 2.782600000000002 13.217399999999998 
1 25 4 0 16 4 64 76.19 13.219999999999999 24.265854567517582 3.9666734891834388 3.1303999999999945 13.217399999999998 
1 30 4 -128 16 4 64 76.19 14.780000000000001 24.259594399013167 3.689913327680458 5.739099999999993 14.608699999999999 
1 30 4 -64 16 4 64 76.19 14.090000000000003 23.91864574682502 3.2022633959475333 4.173900000000003 13.912999999999997 
1 30 4 -32 16 4 64 76.19 12.700000000000003 23.605513891518797 2.6840678297742224 2.2609000000000066 12.695700000000002 
1 30 4 -16 16 4 64 76.19 12.870000000000005 23.618812480185035 2.687243799741938 2.2609000000000066 12.869600000000005 
1 30 4 -8 16 4 64 76.19 13.219999999999999 23.877937200307194 3.308676906887335 2.2609000000000066 13.217399999999998 
1 30 4 -4 16 4 64 76.19 13.219999999999999 23.86622065598196 3.3169387760753004 2.4347999999999956 13.217399999999998 
1 30 4 -2 16 4 64 76.19 13.219999999999999 24.183064784937887 3.8590026459053295 2.782600000000002 13.217399999999998 
1 30 4 0 16 4 64 76.19 13.219999999999999 24.265854567517582 3.9666734891834388 3.1303999999999945 13.217399999999998 
