1 0 4 -128 4 4 64 76.19 13.569999999999993 24.546328977459932 3.9558128754262336 4.8696000000000055 13.391300000000001 
1 0 4 -64 4 4 64 76.19 12.0 23.914685521709334 3.4215559158471707 2.2609000000000066 12.0 
1 0 4 -32 4 4 64 76.19 11.480000000000004 23.80596344313431 2.894542372735073 1.391300000000001 11.478300000000004 
1 0 4 -16 4 4 64 76.19 11.829999999999998 23.695624037955668 3.0022008429546756 1.9129999999999967 11.826099999999997 
1 0 4 -8 4 4 64 76.19 12.519999999999996 23.67974383972253 3.041230721731833 2.4347999999999956 12.521699999999996 
1 0 4 -4 4 4 64 76.19 12.700000000000003 23.99591318821453 3.949497813466138 2.782600000000002 12.695700000000002 
1 0 4 -2 4 4 64 80.95 13.040000000000006 24.03036722624 3.946763853936801 3.304299999999998 13.043499999999995 
1 0 4 0 4 4 64 80.95 13.39 24.383511304384076 5.210035152631464 3.6521999999999935 13.391300000000001 
1 10 4 -128 4 4 64 76.19 13.569999999999993 24.546328977459932 3.9558128754262336 4.8696000000000055 13.391300000000001 
1 10 4 -64 4 4 64 76.19 12.0 23.914685521709334 3.4215559158471707 2.2609000000000066 12.0 
1 10 4 -32 4 4 64 76.19 11.480000000000004 23.80596344313431 2.894542372735073 1.391300000000001 11.478300000000004 
1 10 4 -16 4 4 64 76.19 11.829999999999998 23.695624037955668 3.0022008429546756 1.9129999999999967 11.826099999999997 
1 10 4 -8 4 4 64 76.19 12.519999999999996 23.67974383972253 3.041230721731833 2.4347999999999956 12.521699999999996 
1 10 4 -4 4 4 64 76.19 12.700000000000003 23.99591318821453 3.949497813466138 2.782600000000002 12.695700000000002 
1 10 4 -2 4 4 64 80.95 13.040000000000006 24.03036722624 3.946763853936801 3.304299999999998 13.043499999999995 
1 10 4 0 4 4 64 80.95 13.39 24.383511304384076 5.210035152631464 3.6521999999999935 13.391300000000001 
1 15 4 -128 4 4 64 76.19 13.569999999999993 24.546328977459932 3.9558128754262336 4.8696000000000055 13.391300000000001 
1 15 4 -64 4 4 64 76.19 12.0 23.914685521709334 3.4215559158471707 2.2609000000000066 12.0 
1 15 4 -32 4 4 64 76.19 11.480000000000004 23.80596344313431 2.894542372735073 1.391300000000001 11.478300000000004 
1 15 4 -16 4 4 64 76.19 11.829999999999998 23.695624037955668 3.0022008429546756 1.9129999999999967 11.826099999999997 
1 15 4 -8 4 4 64 76.19 12.519999999999996 23.67974383972253 3.041230721731833 2.4347999999999956 12.521699999999996 
1 15 4 -4 4 4 64 76.19 12.700000000000003 23.99591318821453 3.949497813466138 2.782600000000002 12.695700000000002 
1 15 4 -2 4 4 64 80.95 13.040000000000006 24.03036722624 3.946763853936801 3.304299999999998 13.043499999999995 
1 15 4 0 4 4 64 80.95 13.39 24.383511304384076 5.210035152631464 3.6521999999999935 13.391300000000001 
1 20 4 -128 4 4 64 76.19 13.569999999999993 24.546328977459932 3.9558128754262336 4.8696000000000055 13.391300000000001 
1 20 4 -64 4 4 64 76.19 12.0 23.914685521709334 3.4215559158471707 2.2609000000000066 12.0 
1 20 4 -32 4 4 64 76.19 11.480000000000004 23.80596344313431 2.894542372735073 1.391300000000001 11.478300000000004 
1 20 4 -16 4 4 64 76.19 11.829999999999998 23.695624037955668 3.0022008429546756 1.9129999999999967 11.826099999999997 
1 20 4 -8 4 4 64 76.19 12.519999999999996 23.67974383972253 3.041230721731833 2.4347999999999956 12.521699999999996 
1 20 4 -4 4 4 64 76.19 12.700000000000003 23.99591318821453 3.949497813466138 2.782600000000002 12.695700000000002 
1 20 4 -2 4 4 64 80.95 13.040000000000006 24.03036722624 3.946763853936801 3.304299999999998 13.043499999999995 
1 20 4 0 4 4 64 80.95 13.39 24.383511304384076 5.210035152631464 3.6521999999999935 13.391300000000001 
1 25 4 -128 4 4 64 76.19 13.569999999999993 24.546328977459932 3.9558128754262336 4.8696000000000055 13.391300000000001 
1 25 4 -64 4 4 64 76.19 12.0 23.914685521709334 3.4215559158471707 2.2609000000000066 12.0 
1 25 4 -32 4 4 64 76.19 11.480000000000004 23.80596344313431 2.894542372735073 1.391300000000001 11.478300000000004 
1 25 4 -16 4 4 64 76.19 11.829999999999998 23.695624037955668 3.0022008429546756 1.9129999999999967 11.826099999999997 
1 25 4 -8 4 4 64 76.19 12.519999999999996 23.67974383972253 3.041230721731833 2.4347999999999956 12.521699999999996 
1 25 4 -4 4 4 64 76.19 12.700000000000003 23.99591318821453 3.949497813466138 2.782600000000002 12.695700000000002 
1 25 4 -2 4 4 64 80.95 13.040000000000006 24.03036722624 3.946763853936801 3.304299999999998 13.043499999999995 
1 25 4 0 4 4 64 80.95 13.39 24.383511304384076 5.210035152631464 3.6521999999999935 13.391300000000001 
1 30 4 -128 4 4 64 76.19 13.569999999999993 24.546328977459932 3.9558128754262336 4.8696000000000055 13.391300000000001 
1 30 4 -64 4 4 64 76.19 12.0 23.914685521709334 3.4215559158471707 2.2609000000000066 12.0 
1 30 4 -32 4 4 64 76.19 11.480000000000004 23.80596344313431 2.894542372735073 1.391300000000001 11.478300000000004 
1 30 4 -16 4 4 64 76.19 11.829999999999998 23.695624037955668 3.0022008429546756 1.9129999999999967 11.826099999999997 
1 30 4 -8 4 4 64 76.19 12.519999999999996 23.67974383972253 3.041230721731833 2.4347999999999956 12.521699999999996 
1 30 4 -4 4 4 64 76.19 12.700000000000003 23.99591318821453 3.949497813466138 2.782600000000002 12.695700000000002 
1 30 4 -2 4 4 64 80.95 13.040000000000006 24.03036722624 3.946763853936801 3.304299999999998 13.043499999999995 
1 30 4 0 4 4 64 80.95 13.39 24.383511304384076 5.210035152631464 3.6521999999999935 13.391300000000001 
