1 0 4 -128 64 4 64 76.19 14.959999999999994 25.00351575543452 3.9746229163993414 5.912999999999997 14.956500000000005 
1 0 4 -64 64 4 64 76.19 14.780000000000001 24.093648539317304 2.3338533786153444 4.8696000000000055 14.782600000000002 
1 0 4 -32 64 4 64 76.19 14.430000000000007 23.873951569620335 2.3779102783197392 4.521699999999996 14.434799999999996 
1 0 4 -16 64 4 64 76.19 14.430000000000007 23.816259261928025 2.395780731428773 4.3478000000000065 14.434799999999996 
1 0 4 -8 64 4 64 76.19 14.61 23.810619973680044 2.385604278542433 4.3478000000000065 14.608699999999999 
1 0 4 -4 64 4 64 76.19 14.61 23.810619973680044 2.385604278542433 4.3478000000000065 14.608699999999999 
1 0 4 -2 64 4 64 76.19 14.61 23.810619973680044 2.385604278542433 4.3478000000000065 14.608699999999999 
1 0 4 0 64 4 64 76.19 14.61 23.810619973680044 2.385604278542433 4.3478000000000065 14.608699999999999 
1 10 4 -128 64 4 64 76.19 14.959999999999994 25.00351575543452 3.9746229163993414 5.912999999999997 14.956500000000005 
1 10 4 -64 64 4 64 76.19 14.780000000000001 24.093648539317304 2.3338533786153444 4.8696000000000055 14.782600000000002 
1 10 4 -32 64 4 64 76.19 14.430000000000007 23.873951569620335 2.3779102783197392 4.521699999999996 14.434799999999996 
1 10 4 -16 64 4 64 76.19 14.430000000000007 23.816259261928025 2.395780731428773 4.3478000000000065 14.434799999999996 
1 10 4 -8 64 4 64 76.19 14.61 23.810619973680044 2.385604278542433 4.3478000000000065 14.608699999999999 
1 10 4 -4 64 4 64 76.19 14.61 23.810619973680044 2.385604278542433 4.3478000000000065 14.608699999999999 
1 10 4 -2 64 4 64 76.19 14.61 23.810619973680044 2.385604278542433 4.3478000000000065 14.608699999999999 
1 10 4 0 64 4 64 76.19 14.61 23.810619973680044 2.385604278542433 4.3478000000000065 14.608699999999999 
1 15 4 -128 64 4 64 76.19 14.959999999999994 25.00351575543452 3.9746229163993414 5.912999999999997 14.956500000000005 
1 15 4 -64 64 4 64 76.19 14.780000000000001 24.093648539317304 2.3338533786153444 4.8696000000000055 14.782600000000002 
1 15 4 -32 64 4 64 76.19 14.430000000000007 23.873951569620335 2.3779102783197392 4.521699999999996 14.434799999999996 
1 15 4 -16 64 4 64 76.19 14.430000000000007 23.816259261928025 2.395780731428773 4.3478000000000065 14.434799999999996 
1 15 4 -8 64 4 64 76.19 14.61 23.810619973680044 2.385604278542433 4.3478000000000065 14.608699999999999 
1 15 4 -4 64 4 64 76.19 14.61 23.810619973680044 2.385604278542433 4.3478000000000065 14.608699999999999 
1 15 4 -2 64 4 64 76.19 14.61 23.810619973680044 2.385604278542433 4.3478000000000065 14.608699999999999 
1 15 4 0 64 4 64 76.19 14.61 23.810619973680044 2.385604278542433 4.3478000000000065 14.608699999999999 
1 20 4 -128 64 4 64 76.19 14.959999999999994 25.00351575543452 3.9746229163993414 5.912999999999997 14.956500000000005 
1 20 4 -64 64 4 64 76.19 14.780000000000001 24.093648539317304 2.3338533786153444 4.8696000000000055 14.782600000000002 
1 20 4 -32 64 4 64 76.19 14.430000000000007 23.873951569620335 2.3779102783197392 4.521699999999996 14.434799999999996 
1 20 4 -16 64 4 64 76.19 14.430000000000007 23.816259261928025 2.395780731428773 4.3478000000000065 14.434799999999996 
1 20 4 -8 64 4 64 76.19 14.61 23.810619973680044 2.385604278542433 4.3478000000000065 14.608699999999999 
1 20 4 -4 64 4 64 76.19 14.61 23.810619973680044 2.385604278542433 4.3478000000000065 14.608699999999999 
1 20 4 -2 64 4 64 76.19 14.61 23.810619973680044 2.385604278542433 4.3478000000000065 14.608699999999999 
1 20 4 0 64 4 64 76.19 14.61 23.810619973680044 2.385604278542433 4.3478000000000065 14.608699999999999 
1 25 4 -128 64 4 64 76.19 14.959999999999994 25.00351575543452 3.9746229163993414 5.912999999999997 14.956500000000005 
1 25 4 -64 64 4 64 76.19 14.780000000000001 24.093648539317304 2.3338533786153444 4.8696000000000055 14.782600000000002 
1 25 4 -32 64 4 64 76.19 14.430000000000007 23.873951569620335 2.3779102783197392 4.521699999999996 14.434799999999996 
1 25 4 -16 64 4 64 76.19 14.430000000000007 23.816259261928025 2.395780731428773 4.3478000000000065 14.434799999999996 
1 25 4 -8 64 4 64 76.19 14.61 23.810619973680044 2.385604278542433 4.3478000000000065 14.608699999999999 
1 25 4 -4 64 4 64 76.19 14.61 23.810619973680044 2.385604278542433 4.3478000000000065 14.608699999999999 
1 25 4 -2 64 4 64 76.19 14.61 23.810619973680044 2.385604278542433 4.3478000000000065 14.608699999999999 
1 25 4 0 64 4 64 76.19 14.61 23.810619973680044 2.385604278542433 4.3478000000000065 14.608699999999999 
1 30 4 -128 64 4 64 76.19 14.959999999999994 25.00351575543452 3.9746229163993414 5.912999999999997 14.956500000000005 
1 30 4 -64 64 4 64 76.19 14.780000000000001 24.093648539317304 2.3338533786153444 4.8696000000000055 14.782600000000002 
1 30 4 -32 64 4 64 76.19 14.430000000000007 23.873951569620335 2.3779102783197392 4.521699999999996 14.434799999999996 
1 30 4 -16 64 4 64 76.19 14.430000000000007 23.816259261928025 2.395780731428773 4.3478000000000065 14.434799999999996 
1 30 4 -8 64 4 64 76.19 14.61 23.810619973680044 2.385604278542433 4.3478000000000065 14.608699999999999 
1 30 4 -4 64 4 64 76.19 14.61 23.810619973680044 2.385604278542433 4.3478000000000065 14.608699999999999 
1 30 4 -2 64 4 64 76.19 14.61 23.810619973680044 2.385604278542433 4.3478000000000065 14.608699999999999 
1 30 4 0 64 4 64 76.19 14.61 23.810619973680044 2.385604278542433 4.3478000000000065 14.608699999999999 
