1 0 4 -128 1 4 64 85.71000000000001 13.909999999999997 24.617540360873697 4.119664957593132 4.695700000000002 13.739099999999993 
1 0 4 -64 1 4 64 85.71000000000001 11.480000000000004 23.7343387818738 2.903953921341588 1.7390999999999934 11.478300000000004 
1 0 4 -32 1 4 64 85.71000000000001 11.480000000000004 23.710679901072062 2.984376602155858 1.9129999999999967 11.478300000000004 
1 0 4 -16 1 4 64 90.48 12.519999999999996 23.66863390832274 3.210726379615948 2.9565000000000055 12.521699999999996 
1 0 4 -8 1 4 64 95.24 13.040000000000006 23.67969617938501 3.2103884448284568 3.4783000000000044 13.043499999999995 
1 0 4 -4 1 4 64 95.24 13.739999999999995 23.557685836786433 3.152544724414913 4.0 13.739099999999993 
1 0 4 -2 1 4 64 95.24 14.260000000000005 23.88413289520064 3.9818098661179353 4.8696000000000055 14.260900000000007 
1 0 4 0 1 4 64 95.24 14.430000000000007 23.88699003805778 3.9817269442637886 5.0434999999999945 14.434799999999996 
1 10 4 -128 1 4 64 85.71000000000001 13.909999999999997 24.617540360873697 4.119664957593132 4.695700000000002 13.739099999999993 
1 10 4 -64 1 4 64 85.71000000000001 11.480000000000004 23.7343387818738 2.903953921341588 1.7390999999999934 11.478300000000004 
1 10 4 -32 1 4 64 85.71000000000001 11.480000000000004 23.710679901072062 2.984376602155858 1.9129999999999967 11.478300000000004 
1 10 4 -16 1 4 64 90.48 12.519999999999996 23.66863390832274 3.210726379615948 2.9565000000000055 12.521699999999996 
1 10 4 -8 1 4 64 95.24 13.040000000000006 23.67969617938501 3.2103884448284568 3.4783000000000044 13.043499999999995 
1 10 4 -4 1 4 64 95.24 13.739999999999995 23.557685836786433 3.152544724414913 4.0 13.739099999999993 
1 10 4 -2 1 4 64 95.24 14.260000000000005 23.88413289520064 3.9818098661179353 4.8696000000000055 14.260900000000007 
1 10 4 0 1 4 64 95.24 14.430000000000007 23.88699003805778 3.9817269442637886 5.0434999999999945 14.434799999999996 
1 15 4 -128 1 4 64 85.71000000000001 13.909999999999997 24.617540360873697 4.119664957593132 4.695700000000002 13.739099999999993 
1 15 4 -64 1 4 64 85.71000000000001 11.480000000000004 23.7343387818738 2.903953921341588 1.7390999999999934 11.478300000000004 
1 15 4 -32 1 4 64 85.71000000000001 11.480000000000004 23.710679901072062 2.984376602155858 1.9129999999999967 11.478300000000004 
1 15 4 -16 1 4 64 90.48 12.519999999999996 23.66863390832274 3.210726379615948 2.9565000000000055 12.521699999999996 
1 15 4 -8 1 4 64 95.24 13.040000000000006 23.67969617938501 3.2103884448284568 3.4783000000000044 13.043499999999995 
1 15 4 -4 1 4 64 95.24 13.739999999999995 23.557685836786433 3.152544724414913 4.0 13.739099999999993 
1 15 4 -2 1 4 64 95.24 14.260000000000005 23.88413289520064 3.9818098661179353 4.8696000000000055 14.260900000000007 
1 15 4 0 1 4 64 95.24 14.430000000000007 23.88699003805778 3.9817269442637886 5.0434999999999945 14.434799999999996 
1 20 4 -128 1 4 64 85.71000000000001 13.909999999999997 24.617540360873697 4.119664957593132 4.695700000000002 13.739099999999993 
1 20 4 -64 1 4 64 85.71000000000001 11.480000000000004 23.7343387818738 2.903953921341588 1.7390999999999934 11.478300000000004 
1 20 4 -32 1 4 64 85.71000000000001 11.480000000000004 23.710679901072062 2.984376602155858 1.9129999999999967 11.478300000000004 
1 20 4 -16 1 4 64 90.48 12.519999999999996 23.66863390832274 3.210726379615948 2.9565000000000055 12.521699999999996 
1 20 4 -8 1 4 64 95.24 13.040000000000006 23.67969617938501 3.2103884448284568 3.4783000000000044 13.043499999999995 
1 20 4 -4 1 4 64 95.24 13.739999999999995 23.557685836786433 3.152544724414913 4.0 13.739099999999993 
1 20 4 -2 1 4 64 95.24 14.260000000000005 23.88413289520064 3.9818098661179353 4.8696000000000055 14.260900000000007 
1 20 4 0 1 4 64 95.24 14.430000000000007 23.88699003805778 3.9817269442637886 5.0434999999999945 14.434799999999996 
1 25 4 -128 1 4 64 85.71000000000001 13.909999999999997 24.617540360873697 4.119664957593132 4.695700000000002 13.739099999999993 
1 25 4 -64 1 4 64 85.71000000000001 11.480000000000004 23.7343387818738 2.903953921341588 1.7390999999999934 11.478300000000004 
1 25 4 -32 1 4 64 85.71000000000001 11.480000000000004 23.710679901072062 2.984376602155858 1.9129999999999967 11.478300000000004 
1 25 4 -16 1 4 64 90.48 12.519999999999996 23.66863390832274 3.210726379615948 2.9565000000000055 12.521699999999996 
1 25 4 -8 1 4 64 95.24 13.040000000000006 23.67969617938501 3.2103884448284568 3.4783000000000044 13.043499999999995 
1 25 4 -4 1 4 64 95.24 13.739999999999995 23.557685836786433 3.152544724414913 4.0 13.739099999999993 
1 25 4 -2 1 4 64 95.24 14.260000000000005 23.88413289520064 3.9818098661179353 4.8696000000000055 14.260900000000007 
1 25 4 0 1 4 64 95.24 14.430000000000007 23.88699003805778 3.9817269442637886 5.0434999999999945 14.434799999999996 
1 30 4 -128 1 4 64 85.71000000000001 13.909999999999997 24.617540360873697 4.119664957593132 4.695700000000002 13.739099999999993 
1 30 4 -64 1 4 64 85.71000000000001 11.480000000000004 23.7343387818738 2.903953921341588 1.7390999999999934 11.478300000000004 
1 30 4 -32 1 4 64 85.71000000000001 11.480000000000004 23.710679901072062 2.984376602155858 1.9129999999999967 11.478300000000004 
1 30 4 -16 1 4 64 90.48 12.519999999999996 23.66863390832274 3.210726379615948 2.9565000000000055 12.521699999999996 
1 30 4 -8 1 4 64 95.24 13.040000000000006 23.67969617938501 3.2103884448284568 3.4783000000000044 13.043499999999995 
1 30 4 -4 1 4 64 95.24 13.739999999999995 23.557685836786433 3.152544724414913 4.0 13.739099999999993 
1 30 4 -2 1 4 64 95.24 14.260000000000005 23.88413289520064 3.9818098661179353 4.8696000000000055 14.260900000000007 
1 30 4 0 1 4 64 95.24 14.430000000000007 23.88699003805778 3.9817269442637886 5.0434999999999945 14.434799999999996 
