1 0 4 -128 8 4 64 76.19 14.61 24.331741719479815 3.7254615459881193 5.565200000000004 14.434799999999996 
1 0 4 -64 8 4 64 76.19 12.700000000000003 23.942291487172444 3.3029970132018627 2.9565000000000055 12.695700000000002 
1 0 4 -32 8 4 64 76.19 12.349999999999994 23.76140028453754 2.960732977140939 1.7390999999999934 12.347800000000007 
1 0 4 -16 8 4 64 76.19 11.829999999999998 23.918115478976524 3.3255815520761427 1.391300000000001 11.826099999999997 
1 0 4 -8 8 4 64 76.19 11.829999999999998 23.918115478976524 3.3255815520761427 1.391300000000001 11.826099999999997 
1 0 4 -4 8 4 64 76.19 12.170000000000002 24.146205151153556 3.988166960269978 2.0870000000000033 12.173900000000003 
1 0 4 -2 8 4 64 76.19 12.519999999999996 24.584760573322416 5.310190287863897 2.608699999999999 12.521699999999996 
1 0 4 0 8 4 64 76.19 12.519999999999996 24.57304402899718 5.316899840898502 2.782600000000002 12.521699999999996 
1 10 4 -128 8 4 64 76.19 14.61 24.331741719479815 3.7254615459881193 5.565200000000004 14.434799999999996 
1 10 4 -64 8 4 64 76.19 12.700000000000003 23.942291487172444 3.3029970132018627 2.9565000000000055 12.695700000000002 
1 10 4 -32 8 4 64 76.19 12.349999999999994 23.76140028453754 2.960732977140939 1.7390999999999934 12.347800000000007 
1 10 4 -16 8 4 64 76.19 11.829999999999998 23.918115478976524 3.3255815520761427 1.391300000000001 11.826099999999997 
1 10 4 -8 8 4 64 76.19 11.829999999999998 23.918115478976524 3.3255815520761427 1.391300000000001 11.826099999999997 
1 10 4 -4 8 4 64 76.19 12.170000000000002 24.146205151153556 3.988166960269978 2.0870000000000033 12.173900000000003 
1 10 4 -2 8 4 64 76.19 12.519999999999996 24.584760573322416 5.310190287863897 2.608699999999999 12.521699999999996 
1 10 4 0 8 4 64 76.19 12.519999999999996 24.57304402899718 5.316899840898502 2.782600000000002 12.521699999999996 
1 15 4 -128 8 4 64 76.19 14.61 24.331741719479815 3.7254615459881193 5.565200000000004 14.434799999999996 
1 15 4 -64 8 4 64 76.19 12.700000000000003 23.942291487172444 3.3029970132018627 2.9565000000000055 12.695700000000002 
1 15 4 -32 8 4 64 76.19 12.349999999999994 23.76140028453754 2.960732977140939 1.7390999999999934 12.347800000000007 
1 15 4 -16 8 4 64 76.19 11.829999999999998 23.918115478976524 3.3255815520761427 1.391300000000001 11.826099999999997 
1 15 4 -8 8 4 64 76.19 11.829999999999998 23.918115478976524 3.3255815520761427 1.391300000000001 11.826099999999997 
1 15 4 -4 8 4 64 76.19 12.170000000000002 24.146205151153556 3.988166960269978 2.0870000000000033 12.173900000000003 
1 15 4 -2 8 4 64 76.19 12.519999999999996 24.584760573322416 5.310190287863897 2.608699999999999 12.521699999999996 
1 15 4 0 8 4 64 76.19 12.519999999999996 24.57304402899718 5.316899840898502 2.782600000000002 12.521699999999996 
1 20 4 -128 8 4 64 76.19 14.61 24.331741719479815 3.7254615459881193 5.565200000000004 14.434799999999996 
1 20 4 -64 8 4 64 76.19 12.700000000000003 23.942291487172444 3.3029970132018627 2.9565000000000055 12.695700000000002 
1 20 4 -32 8 4 64 76.19 12.349999999999994 23.76140028453754 2.960732977140939 1.7390999999999934 12.347800000000007 
1 20 4 -16 8 4 64 76.19 11.829999999999998 23.918115478976524 3.3255815520761427 1.391300000000001 11.826099999999997 
1 20 4 -8 8 4 64 76.19 11.829999999999998 23.918115478976524 3.3255815520761427 1.391300000000001 11.826099999999997 
1 20 4 -4 8 4 64 76.19 12.170000000000002 24.146205151153556 3.988166960269978 2.0870000000000033 12.173900000000003 
1 20 4 -2 8 4 64 76.19 12.519999999999996 24.584760573322416 5.310190287863897 2.608699999999999 12.521699999999996 
1 20 4 0 8 4 64 76.19 12.519999999999996 24.57304402899718 5.316899840898502 2.782600000000002 12.521699999999996 
1 25 4 -128 8 4 64 76.19 14.61 24.331741719479815 3.7254615459881193 5.565200000000004 14.434799999999996 
1 25 4 -64 8 4 64 76.19 12.700000000000003 23.942291487172444 3.3029970132018627 2.9565000000000055 12.695700000000002 
1 25 4 -32 8 4 64 76.19 12.349999999999994 23.76140028453754 2.960732977140939 1.7390999999999934 12.347800000000007 
1 25 4 -16 8 4 64 76.19 11.829999999999998 23.918115478976524 3.3255815520761427 1.391300000000001 11.826099999999997 
1 25 4 -8 8 4 64 76.19 11.829999999999998 23.918115478976524 3.3255815520761427 1.391300000000001 11.826099999999997 
1 25 4 -4 8 4 64 76.19 12.170000000000002 24.146205151153556 3.988166960269978 2.0870000000000033 12.173900000000003 
1 25 4 -2 8 4 64 76.19 12.519999999999996 24.584760573322416 5.310190287863897 2.608699999999999 12.521699999999996 
1 25 4 0 8 4 64 76.19 12.519999999999996 24.57304402899718 5.316899840898502 2.782600000000002 12.521699999999996 
1 30 4 -128 8 4 64 76.19 14.61 24.331741719479815 3.7254615459881193 5.565200000000004 14.434799999999996 
1 30 4 -64 8 4 64 76.19 12.700000000000003 23.942291487172444 3.3029970132018627 2.9565000000000055 12.695700000000002 
1 30 4 -32 8 4 64 76.19 12.349999999999994 23.76140028453754 2.960732977140939 1.7390999999999934 12.347800000000007 
1 30 4 -16 8 4 64 76.19 11.829999999999998 23.918115478976524 3.3255815520761427 1.391300000000001 11.826099999999997 
1 30 4 -8 8 4 64 76.19 11.829999999999998 23.918115478976524 3.3255815520761427 1.391300000000001 11.826099999999997 
1 30 4 -4 8 4 64 76.19 12.170000000000002 24.146205151153556 3.988166960269978 2.0870000000000033 12.173900000000003 
1 30 4 -2 8 4 64 76.19 12.519999999999996 24.584760573322416 5.310190287863897 2.608699999999999 12.521699999999996 
1 30 4 0 8 4 64 76.19 12.519999999999996 24.57304402899718 5.316899840898502 2.782600000000002 12.521699999999996 
