1 0 4 -128 32 4 64 76.19 14.260000000000005 24.443387689056458 3.487972472882622 5.912999999999997 14.260900000000007 
1 0 4 -64 32 4 64 76.19 14.430000000000007 24.254254599923364 2.9077947224862015 4.8696000000000055 14.434799999999996 
1 0 4 -32 32 4 64 76.19 13.739999999999995 24.014130141048906 3.00520301610572 4.173900000000003 13.739099999999993 
1 0 4 -16 32 4 64 76.19 14.090000000000003 23.8908916148692 2.666513837514879 4.0 14.087000000000003 
1 0 4 -8 32 4 64 76.19 14.430000000000007 23.864840015355252 2.6150586419870834 4.0 14.434799999999996 
1 0 4 -4 32 4 64 76.19 14.430000000000007 23.864840015355252 2.6150586419870834 4.0 14.434799999999996 
1 0 4 -2 32 4 64 76.19 14.430000000000007 23.864840015355252 2.6150586419870834 4.0 14.434799999999996 
1 0 4 0 32 4 64 76.19 14.430000000000007 23.864840015355252 2.6150586419870834 4.0 14.434799999999996 
1 10 4 -128 32 4 64 76.19 14.260000000000005 24.443387689056458 3.487972472882622 5.912999999999997 14.260900000000007 
1 10 4 -64 32 4 64 76.19 14.430000000000007 24.254254599923364 2.9077947224862015 4.8696000000000055 14.434799999999996 
1 10 4 -32 32 4 64 76.19 13.739999999999995 24.014130141048906 3.00520301610572 4.173900000000003 13.739099999999993 
1 10 4 -16 32 4 64 76.19 14.090000000000003 23.8908916148692 2.666513837514879 4.0 14.087000000000003 
1 10 4 -8 32 4 64 76.19 14.430000000000007 23.864840015355252 2.6150586419870834 4.0 14.434799999999996 
1 10 4 -4 32 4 64 76.19 14.430000000000007 23.864840015355252 2.6150586419870834 4.0 14.434799999999996 
1 10 4 -2 32 4 64 76.19 14.430000000000007 23.864840015355252 2.6150586419870834 4.0 14.434799999999996 
1 10 4 0 32 4 64 76.19 14.430000000000007 23.864840015355252 2.6150586419870834 4.0 14.434799999999996 
1 15 4 -128 32 4 64 76.19 14.260000000000005 24.443387689056458 3.487972472882622 5.912999999999997 14.260900000000007 
1 15 4 -64 32 4 64 76.19 14.430000000000007 24.254254599923364 2.9077947224862015 4.8696000000000055 14.434799999999996 
1 15 4 -32 32 4 64 76.19 13.739999999999995 24.014130141048906 3.00520301610572 4.173900000000003 13.739099999999993 
1 15 4 -16 32 4 64 76.19 14.090000000000003 23.8908916148692 2.666513837514879 4.0 14.087000000000003 
1 15 4 -8 32 4 64 76.19 14.430000000000007 23.864840015355252 2.6150586419870834 4.0 14.434799999999996 
1 15 4 -4 32 4 64 76.19 14.430000000000007 23.864840015355252 2.6150586419870834 4.0 14.434799999999996 
1 15 4 -2 32 4 64 76.19 14.430000000000007 23.864840015355252 2.6150586419870834 4.0 14.434799999999996 
1 15 4 0 32 4 64 76.19 14.430000000000007 23.864840015355252 2.6150586419870834 4.0 14.434799999999996 
1 20 4 -128 32 4 64 76.19 14.260000000000005 24.443387689056458 3.487972472882622 5.912999999999997 14.260900000000007 
1 20 4 -64 32 4 64 76.19 14.430000000000007 24.254254599923364 2.9077947224862015 4.8696000000000055 14.434799999999996 
1 20 4 -32 32 4 64 76.19 13.739999999999995 24.014130141048906 3.00520301610572 4.173900000000003 13.739099999999993 
1 20 4 -16 32 4 64 76.19 14.090000000000003 23.8908916148692 2.666513837514879 4.0 14.087000000000003 
1 20 4 -8 32 4 64 76.19 14.430000000000007 23.864840015355252 2.6150586419870834 4.0 14.434799999999996 
1 20 4 -4 32 4 64 76.19 14.430000000000007 23.864840015355252 2.6150586419870834 4.0 14.434799999999996 
1 20 4 -2 32 4 64 76.19 14.430000000000007 23.864840015355252 2.6150586419870834 4.0 14.434799999999996 
1 20 4 0 32 4 64 76.19 14.430000000000007 23.864840015355252 2.6150586419870834 4.0 14.434799999999996 
1 25 4 -128 32 4 64 76.19 14.260000000000005 24.443387689056458 3.487972472882622 5.912999999999997 14.260900000000007 
1 25 4 -64 32 4 64 76.19 14.430000000000007 24.254254599923364 2.9077947224862015 4.8696000000000055 14.434799999999996 
1 25 4 -32 32 4 64 76.19 13.739999999999995 24.014130141048906 3.00520301610572 4.173900000000003 13.739099999999993 
1 25 4 -16 32 4 64 76.19 14.090000000000003 23.8908916148692 2.666513837514879 4.0 14.087000000000003 
1 25 4 -8 32 4 64 76.19 14.430000000000007 23.864840015355252 2.6150586419870834 4.0 14.434799999999996 
1 25 4 -4 32 4 64 76.19 14.430000000000007 23.864840015355252 2.6150586419870834 4.0 14.434799999999996 
1 25 4 -2 32 4 64 76.19 14.430000000000007 23.864840015355252 2.6150586419870834 4.0 14.434799999999996 
1 25 4 0 32 4 64 76.19 14.430000000000007 23.864840015355252 2.6150586419870834 4.0 14.434799999999996 
1 30 4 -128 32 4 64 76.19 14.260000000000005 24.443387689056458 3.487972472882622 5.912999999999997 14.260900000000007 
1 30 4 -64 32 4 64 76.19 14.430000000000007 24.254254599923364 2.9077947224862015 4.8696000000000055 14.434799999999996 
1 30 4 -32 32 4 64 76.19 13.739999999999995 24.014130141048906 3.00520301610572 4.173900000000003 13.739099999999993 
1 30 4 -16 32 4 64 76.19 14.090000000000003 23.8908916148692 2.666513837514879 4.0 14.087000000000003 
1 30 4 -8 32 4 64 76.19 14.430000000000007 23.864840015355252 2.6150586419870834 4.0 14.434799999999996 
1 30 4 -4 32 4 64 76.19 14.430000000000007 23.864840015355252 2.6150586419870834 4.0 14.434799999999996 
1 30 4 -2 32 4 64 76.19 14.430000000000007 23.864840015355252 2.6150586419870834 4.0 14.434799999999996 
1 30 4 0 32 4 64 76.19 14.430000000000007 23.864840015355252 2.6150586419870834 4.0 14.434799999999996 
