1 0 4 -128 2 4 64 80.95 13.569999999999993 24.626697870031204 4.11740511682642 4.695700000000002 13.391300000000001 
1 0 4 -64 2 4 64 80.95 11.299999999999997 23.749405321310082 2.9259307743473655 2.0870000000000033 11.304299999999998 
1 0 4 -32 2 4 64 80.95 10.61 23.71428903703414 2.9812858034291705 1.5652000000000044 10.608699999999999 
1 0 4 -16 2 4 64 85.71000000000001 11.829999999999998 23.662528902217737 3.197920323366314 2.782600000000002 11.826099999999997 
1 0 4 -8 2 4 64 85.71000000000001 12.0 23.67779141748025 3.2105340143139744 2.9565000000000055 12.0 
1 0 4 -4 2 4 64 85.71000000000001 12.170000000000002 23.679622919311754 3.210212641631683 3.1303999999999945 12.173900000000003 
1 0 4 -2 2 4 64 90.48 12.870000000000005 23.864718975786722 3.9957605002059364 3.8260999999999967 12.869600000000005 
1 0 4 0 2 4 64 90.48 13.219999999999999 23.88211824318599 3.9877998367048453 4.3478000000000065 13.217399999999998 
1 10 4 -128 2 4 64 80.95 13.569999999999993 24.626697870031204 4.11740511682642 4.695700000000002 13.391300000000001 
1 10 4 -64 2 4 64 80.95 11.299999999999997 23.749405321310082 2.9259307743473655 2.0870000000000033 11.304299999999998 
1 10 4 -32 2 4 64 80.95 10.61 23.71428903703414 2.9812858034291705 1.5652000000000044 10.608699999999999 
1 10 4 -16 2 4 64 85.71000000000001 11.829999999999998 23.662528902217737 3.197920323366314 2.782600000000002 11.826099999999997 
1 10 4 -8 2 4 64 85.71000000000001 12.0 23.67779141748025 3.2105340143139744 2.9565000000000055 12.0 
1 10 4 -4 2 4 64 85.71000000000001 12.170000000000002 23.679622919311754 3.210212641631683 3.1303999999999945 12.173900000000003 
1 10 4 -2 2 4 64 90.48 12.870000000000005 23.864718975786722 3.9957605002059364 3.8260999999999967 12.869600000000005 
1 10 4 0 2 4 64 90.48 13.219999999999999 23.88211824318599 3.9877998367048453 4.3478000000000065 13.217399999999998 
1 15 4 -128 2 4 64 80.95 13.569999999999993 24.626697870031204 4.11740511682642 4.695700000000002 13.391300000000001 
1 15 4 -64 2 4 64 80.95 11.299999999999997 23.749405321310082 2.9259307743473655 2.0870000000000033 11.304299999999998 
1 15 4 -32 2 4 64 80.95 10.61 23.71428903703414 2.9812858034291705 1.5652000000000044 10.608699999999999 
1 15 4 -16 2 4 64 85.71000000000001 11.829999999999998 23.662528902217737 3.197920323366314 2.782600000000002 11.826099999999997 
1 15 4 -8 2 4 64 85.71000000000001 12.0 23.67779141748025 3.2105340143139744 2.9565000000000055 12.0 
1 15 4 -4 2 4 64 85.71000000000001 12.170000000000002 23.679622919311754 3.210212641631683 3.1303999999999945 12.173900000000003 
1 15 4 -2 2 4 64 90.48 12.870000000000005 23.864718975786722 3.9957605002059364 3.8260999999999967 12.869600000000005 
1 15 4 0 2 4 64 90.48 13.219999999999999 23.88211824318599 3.9877998367048453 4.3478000000000065 13.217399999999998 
1 20 4 -128 2 4 64 80.95 13.569999999999993 24.626697870031204 4.11740511682642 4.695700000000002 13.391300000000001 
1 20 4 -64 2 4 64 80.95 11.299999999999997 23.749405321310082 2.9259307743473655 2.0870000000000033 11.304299999999998 
1 20 4 -32 2 4 64 80.95 10.61 23.71428903703414 2.9812858034291705 1.5652000000000044 10.608699999999999 
1 20 4 -16 2 4 64 85.71000000000001 11.829999999999998 23.662528902217737 3.197920323366314 2.782600000000002 11.826099999999997 
1 20 4 -8 2 4 64 85.71000000000001 12.0 23.67779141748025 3.2105340143139744 2.9565000000000055 12.0 
1 20 4 -4 2 4 64 85.71000000000001 12.170000000000002 23.679622919311754 3.210212641631683 3.1303999999999945 12.173900000000003 
1 20 4 -2 2 4 64 90.48 12.870000000000005 23.864718975786722 3.9957605002059364 3.8260999999999967 12.869600000000005 
1 20 4 0 2 4 64 90.48 13.219999999999999 23.88211824318599 3.9877998367048453 4.3478000000000065 13.217399999999998 
1 25 4 -128 2 4 64 80.95 13.569999999999993 24.626697870031204 4.11740511682642 4.695700000000002 13.391300000000001 
1 25 4 -64 2 4 64 80.95 11.299999999999997 23.749405321310082 2.9259307743473655 2.0870000000000033 11.304299999999998 
1 25 4 -32 2 4 64 80.95 10.61 23.71428903703414 2.9812858034291705 1.5652000000000044 10.608699999999999 
1 25 4 -16 2 4 64 85.71000000000001 11.829999999999998 23.662528902217737 3.197920323366314 2.782600000000002 11.826099999999997 
1 25 4 -8 2 4 64 85.71000000000001 12.0 23.67779141748025 3.2105340143139744 2.9565000000000055 12.0 
1 25 4 -4 2 4 64 85.71000000000001 12.170000000000002 23.679622919311754 3.210212641631683 3.1303999999999945 12.173900000000003 
1 25 4 -2 2 4 64 90.48 12.870000000000005 23.864718975786722 3.9957605002059364 3.8260999999999967 12.869600000000005 
1 25 4 0 2 4 64 90.48 13.219999999999999 23.88211824318599 3.9877998367048453 4.3478000000000065 13.217399999999998 
1 30 4 -128 2 4 64 80.95 13.569999999999993 24.626697870031204 4.11740511682642 4.695700000000002 13.391300000000001 
1 30 4 -64 2 4 64 80.95 11.299999999999997 23.749405321310082 2.9259307743473655 2.0870000000000033 11.304299999999998 
1 30 4 -32 2 4 64 80.95 10.61 23.71428903703414 2.9812858034291705 1.5652000000000044 10.608699999999999 
1 30 4 -16 2 4 64 85.71000000000001 11.829999999999998 23.662528902217737 3.197920323366314 2.782600000000002 11.826099999999997 
1 30 4 -8 2 4 64 85.71000000000001 12.0 23.67779141748025 3.2105340143139744 2.9565000000000055 12.0 
1 30 4 -4 2 4 64 85.71000000000001 12.170000000000002 23.679622919311754 3.210212641631683 3.1303999999999945 12.173900000000003 
1 30 4 -2 2 4 64 90.48 12.870000000000005 23.864718975786722 3.9957605002059364 3.8260999999999967 12.869600000000005 
1 30 4 0 2 4 64 90.48 13.219999999999999 23.88211824318599 3.9877998367048453 4.3478000000000065 13.217399999999998 
