6 0 4 -32 1 4 64 71.43 12.0 25.215132457781117 8.82343949362614 5.0434999999999945 11.826099999999997 
6 0 4 -32 2 4 64 71.43 11.650000000000006 24.860766016315136 8.382221673948484 4.695700000000002 11.478300000000004 
6 0 4 -32 4 4 64 61.9 11.299999999999997 25.02263971766252 8.375549003350516 4.3478000000000065 11.130399999999995 
6 0 4 -32 8 4 64 61.9 11.650000000000006 25.06845986650592 8.55352264265297 4.173900000000003 11.478300000000004 
6 0 4 -32 16 4 64 61.9 11.299999999999997 23.76067011505013 5.807868167090544 4.0 11.130399999999995 
6 0 4 -32 32 4 64 66.67 12.0 22.870345533233735 3.892462760371478 3.6521999999999935 11.826099999999997 
6 0 4 -32 64 4 64 66.67 13.39 23.199774249704223 4.028104420027056 4.521699999999996 13.217399999999998 
6 10 4 -32 1 4 64 61.9 10.780000000000001 25.064941240819145 8.81581894061495 5.0434999999999945 10.608699999999999 
6 10 4 -32 2 4 64 61.9 10.430000000000007 24.898512669390573 8.539823885448454 4.695700000000002 10.260900000000007 
6 10 4 -32 4 4 64 61.9 10.959999999999994 24.583419903078294 7.913445590428254 4.521699999999996 10.782600000000002 
6 10 4 -32 8 4 64 61.9 10.780000000000001 23.826390917571047 6.110024881343395 4.173900000000003 10.608699999999999 
6 10 4 -32 16 4 64 61.9 10.780000000000001 23.157327476985866 4.778906890352412 4.173900000000003 10.608699999999999 
6 10 4 -32 32 4 64 66.67 12.170000000000002 23.222775036368393 4.131466403420331 3.8260999999999967 12.0 
6 10 4 -32 64 4 64 66.67 13.219999999999999 23.42935042682189 4.2979728073300825 4.521699999999996 13.043499999999995 
6 15 4 -32 1 4 64 61.9 11.299999999999997 24.725936929838532 7.3759234015657364 4.8696000000000055 11.130399999999995 
6 15 4 -32 2 4 64 61.9 11.129999999999995 24.77458161848322 7.4923892637069915 4.695700000000002 10.956500000000005 
6 15 4 -32 4 4 64 57.14 10.61 24.800595727830665 7.481101425034552 4.3478000000000065 10.434799999999996 
6 15 4 -32 8 4 64 57.14 10.959999999999994 24.801548108783045 7.482230397949537 4.3478000000000065 10.782600000000002 
6 15 4 -32 16 4 64 57.14 10.780000000000001 23.676275808266656 5.5047281855059005 3.8260999999999967 10.608699999999999 
6 15 4 -32 32 4 64 66.67 12.170000000000002 22.975595283721034 3.5895947066790272 4.3478000000000065 12.0 
6 15 4 -32 64 4 64 66.67 13.569999999999993 23.662740061539676 4.1178557379677185 4.8696000000000055 13.391300000000001 
6 20 4 -32 1 4 64 61.9 9.569999999999993 24.023465351074044 6.7318702247600815 3.4783000000000044 9.565200000000004 
6 20 4 -32 2 4 64 61.9 9.739999999999995 24.02573292477019 6.738771673201053 3.6521999999999935 9.739099999999993 
6 20 4 -32 4 4 64 57.14 9.39 23.53049831810701 5.466007980982781 3.6521999999999935 9.391300000000001 
6 20 4 -32 8 4 64 57.14 9.040000000000006 23.16947243041446 4.3142337468318095 3.1303999999999945 9.043499999999995 
6 20 4 -32 16 4 64 52.38 8.870000000000005 23.257349314512272 4.4513549054662676 2.4347999999999956 8.869600000000005 
6 20 4 -32 32 4 64 61.9 11.299999999999997 23.297291803070788 4.000687746276511 4.0 11.304299999999998 
6 20 4 -32 64 4 64 71.43 13.909999999999997 23.430841681872383 3.7017249153607352 5.0434999999999945 13.912999999999997 
6 25 4 -32 1 4 64 57.14 9.040000000000006 26.034986354437155 12.571620248121867 4.3478000000000065 9.043499999999995 
6 25 4 -32 2 4 64 57.14 8.700000000000003 25.181466685700094 9.554790960987539 4.3478000000000065 8.695700000000002 
6 25 4 -32 4 4 64 57.14 8.700000000000003 24.484754667559503 7.642463867012548 4.3478000000000065 8.695700000000002 
6 25 4 -32 8 4 64 52.38 8.349999999999994 24.48982587501166 7.647570262522262 3.8260999999999967 8.347800000000007 
6 25 4 -32 16 4 64 61.9 9.040000000000006 22.928522628740023 3.4207395413545747 2.608699999999999 9.043499999999995 
6 25 4 -32 32 4 64 66.67 10.430000000000007 22.90592815397163 3.458654841324545 3.304299999999998 10.434799999999996 
6 25 4 -32 64 4 64 76.19 13.39 23.416061816127375 3.737851649731574 4.3478000000000065 13.391300000000001 
6 30 4 -32 1 4 64 61.9 9.219999999999999 24.054741714065496 5.113102828207419 3.6521999999999935 9.217399999999998 
6 30 4 -32 2 4 64 61.9 9.219999999999999 24.054741714065496 5.113102828207419 3.6521999999999935 9.217399999999998 
6 30 4 -32 4 4 64 66.67 9.219999999999999 23.69071764289857 4.039592872754416 3.6521999999999935 9.217399999999998 
6 30 4 -32 8 4 64 66.67 8.870000000000005 23.497102551037862 3.817524116151898 3.1303999999999945 8.869600000000005 
6 30 4 -32 16 4 64 66.67 9.040000000000006 23.117558429075032 3.074635581265637 2.608699999999999 9.043499999999995 
6 30 4 -32 32 4 64 66.67 10.959999999999994 23.320171886574826 3.3946077284042846 3.6521999999999935 10.956500000000005 
6 30 4 -32 64 4 64 71.43 13.39 23.639046731913687 3.3574323081457655 4.8696000000000055 13.391300000000001 
