8 0 4 -32 1 4 64 66.67 12.519999999999996 29.18056416495857 17.131637521659446 6.260900000000007 12.521699999999996 
8 0 4 -32 2 4 64 66.67 12.349999999999994 29.195792763520505 17.12522415321594 6.087000000000003 12.347800000000007 
8 0 4 -32 4 4 64 66.67 12.170000000000002 28.827746656188683 16.882837965988628 5.912999999999997 12.173900000000003 
8 0 4 -32 8 4 64 61.9 12.0 27.159269004517448 12.341921996946473 5.217399999999998 12.0 
8 0 4 -32 16 4 64 66.67 12.0 26.128481101053033 9.098478890928071 4.695700000000002 12.0 
8 0 4 -32 32 4 64 66.67 11.480000000000004 24.447002081169426 5.070789600471475 4.0 11.478300000000004 
8 0 4 -32 64 4 64 71.43 13.219999999999999 24.673062403324387 4.212594017574624 5.0434999999999945 13.217399999999998 
8 10 4 -32 1 4 64 71.43 13.39 29.601644084397435 19.188880637345576 6.608699999999999 13.391300000000001 
8 10 4 -32 2 4 64 71.43 13.219999999999999 29.798186519035113 19.8597610908712 6.260900000000007 13.217399999999998 
8 10 4 -32 4 4 64 71.43 13.040000000000006 28.873241464090057 16.170467527727123 6.260900000000007 13.043499999999995 
8 10 4 -32 8 4 64 71.43 13.39 27.497565239305427 10.293954088978 5.912999999999997 13.391300000000001 
8 10 4 -32 16 4 64 71.43 12.870000000000005 26.802092598103236 9.280639839370176 4.521699999999996 12.869600000000005 
8 10 4 -32 32 4 64 71.43 13.040000000000006 24.68437773607313 4.910755991607615 4.173900000000003 13.043499999999995 
8 10 4 -32 64 4 64 71.43 14.090000000000003 24.805978871310703 5.26856267164053 5.217399999999998 14.087000000000003 
8 15 4 -32 1 4 64 76.19 12.700000000000003 30.113855228360244 18.968048946312685 6.434799999999996 12.695700000000002 
8 15 4 -32 2 4 64 71.43 12.519999999999996 30.128433982938997 18.962426436205618 6.260900000000007 12.521699999999996 
8 15 4 -32 4 4 64 71.43 12.0 29.340006361178045 17.688864978547254 5.912999999999997 12.0 
8 15 4 -32 8 4 64 71.43 12.349999999999994 29.33640532562212 17.6812164185995 5.912999999999997 12.347800000000007 
8 15 4 -32 16 4 64 61.9 12.0 26.883734878785006 10.829826970392507 5.0434999999999945 12.0 
8 15 4 -32 32 4 64 66.67 12.519999999999996 23.981079976499235 4.8546697687864055 4.521699999999996 12.521699999999996 
8 15 4 -32 64 4 64 66.67 12.349999999999994 23.07950432271759 3.909204125380404 5.0434999999999945 12.347800000000007 
8 20 4 -32 1 4 64 85.71000000000001 13.040000000000006 27.500251685091225 12.59435337645544 7.1303999999999945 13.043499999999995 
8 20 4 -32 2 4 64 76.19 12.700000000000003 27.557568195741073 12.570954098063412 6.782600000000002 12.695700000000002 
8 20 4 -32 4 4 64 76.19 12.519999999999996 27.546655497328373 12.555445562999443 6.782600000000002 12.521699999999996 
8 20 4 -32 8 4 64 66.67 12.170000000000002 26.054439320773913 9.472265269520353 6.087000000000003 12.173900000000003 
8 20 4 -32 16 4 64 66.67 12.349999999999994 25.90489529260669 9.084583634038438 5.739099999999993 12.347800000000007 
8 20 4 -32 32 4 64 66.67 12.170000000000002 23.804903034624864 4.702961065528084 5.217399999999998 12.173900000000003 
8 20 4 -32 64 4 64 71.43 14.090000000000003 23.15865645877927 3.433324902735491 5.217399999999998 14.087000000000003 
8 25 4 -32 1 4 64 66.67 13.739999999999995 30.889968634425163 19.850618741259623 6.608699999999999 13.739099999999993 
8 25 4 -32 2 4 64 66.67 13.569999999999993 29.85585027693724 16.093866806987865 6.608699999999999 13.565200000000004 
8 25 4 -32 4 4 64 66.67 13.739999999999995 29.373924811098725 15.541700955932061 6.608699999999999 13.739099999999993 
8 25 4 -32 8 4 64 61.9 12.870000000000005 27.82147040560084 12.196578086122836 5.565200000000004 12.869600000000005 
8 25 4 -32 16 4 64 66.67 13.219999999999999 26.623263545748017 9.446183631095444 5.0434999999999945 13.217399999999998 
8 25 4 -32 32 4 64 71.43 13.39 24.594126648381895 4.9110469997248885 4.8696000000000055 13.391300000000001 
8 25 4 -32 64 4 64 71.43 13.739999999999995 23.170178183631283 2.959045117186155 5.0434999999999945 13.739099999999993 
8 30 4 -32 1 4 64 71.43 12.700000000000003 29.698966609075303 19.30028942877876 6.434799999999996 12.695700000000002 
8 30 4 -32 2 4 64 71.43 12.700000000000003 29.070871370980065 18.907063023522067 6.434799999999996 12.695700000000002 
8 30 4 -32 4 4 64 66.67 12.519999999999996 29.080741130849827 18.902765966086907 6.087000000000003 12.521699999999996 
8 30 4 -32 8 4 64 66.67 12.0 28.60090025598607 18.905197123442417 5.391300000000001 12.0 
8 30 4 -32 16 4 64 66.67 12.0 26.615310714211226 11.97577308581342 4.8696000000000055 12.0 
8 30 4 -32 32 4 64 71.43 13.219999999999999 23.560174674445136 3.4575852816696533 4.695700000000002 13.217399999999998 
8 30 4 -32 64 4 64 71.43 13.739999999999995 23.340683901636286 2.7642461462157266 5.0434999999999945 13.739099999999993 
