7 0 4 -32 1 4 64 76.19 12.170000000000002 28.093010045510045 15.597682008537983 6.087000000000003 12.173900000000003 
7 0 4 -32 2 4 64 76.19 12.0 28.090975043475037 15.598950691528527 5.912999999999997 12.0 
7 0 4 -32 4 4 64 71.43 11.829999999999998 26.684773522237286 12.052065457368528 5.565200000000004 11.826099999999997 
7 0 4 -32 8 4 64 66.67 11.480000000000004 26.605232611249832 12.030505484624653 5.0434999999999945 11.478300000000004 
7 0 4 -32 16 4 64 71.43 11.299999999999997 25.3443686662693 7.062416386915834 4.8696000000000055 11.304299999999998 
7 0 4 -32 32 4 64 71.43 12.0 23.841856969111788 4.282898831648822 4.3478000000000065 12.0 
7 0 4 -32 64 4 64 71.43 13.569999999999993 24.277921971025922 3.917346998724756 5.217399999999998 13.565200000000004 
7 10 4 -32 1 4 64 66.67 12.349999999999994 26.691433534563153 9.744281300215892 5.739099999999993 12.347800000000007 
7 10 4 -32 2 4 64 71.43 12.700000000000003 26.720478389079705 9.735001162537637 5.739099999999993 12.695700000000002 
7 10 4 -32 4 4 64 66.67 12.519999999999996 26.724412726347374 9.733169013033208 5.565200000000004 12.521699999999996 
7 10 4 -32 8 4 64 61.9 12.170000000000002 25.794955683122215 7.8543395671188305 5.391300000000001 12.173900000000003 
7 10 4 -32 16 4 64 66.67 11.299999999999997 25.129515083157806 7.2832797393126185 4.3478000000000065 11.304299999999998 
7 10 4 -32 32 4 64 66.67 11.129999999999995 24.003931948652415 4.498481712506756 4.521699999999996 11.130399999999995 
7 10 4 -32 64 4 64 71.43 13.219999999999999 24.228370521775194 4.5131743289450545 5.391300000000001 13.217399999999998 
7 15 4 -32 1 4 64 76.19 12.700000000000003 27.80504832588479 14.4898863217667 5.912999999999997 12.695700000000002 
7 15 4 -32 2 4 64 66.67 12.0 27.784759064881243 14.498552703237358 5.217399999999998 12.0 
7 15 4 -32 4 4 64 66.67 11.829999999999998 26.95714622549304 11.170172993491038 5.0434999999999945 11.826099999999997 
7 15 4 -32 8 4 64 61.9 11.480000000000004 25.64304989350639 6.687602111192834 5.0434999999999945 11.478300000000004 
7 15 4 -32 16 4 64 66.67 12.0 24.824419441761908 5.1109210142343375 4.173900000000003 12.0 
7 15 4 -32 32 4 64 66.67 11.829999999999998 23.810370847587723 3.102703430591524 4.173900000000003 11.826099999999997 
7 15 4 -32 64 4 64 66.67 12.519999999999996 23.82850755753548 3.0600656379991458 4.8696000000000055 12.521699999999996 
7 20 4 -32 1 4 64 71.43 12.519999999999996 28.99397476766006 17.392508048098918 6.434799999999996 12.521699999999996 
7 20 4 -32 2 4 64 71.43 12.519999999999996 28.07273598229084 14.226305114134174 6.434799999999996 12.521699999999996 
7 20 4 -32 4 4 64 71.43 12.349999999999994 28.034280342385927 14.187301219555783 6.260900000000007 12.347800000000007 
7 20 4 -32 8 4 64 66.67 11.829999999999998 27.670572568678153 13.400959913257495 5.565200000000004 11.826099999999997 
7 20 4 -32 16 4 64 61.9 12.0 25.900648474070607 9.458082025377678 4.173900000000003 12.0 
7 20 4 -32 32 4 64 66.67 12.170000000000002 23.56208690512003 3.959166200899316 4.521699999999996 12.173900000000003 
7 20 4 -32 64 4 64 66.67 13.219999999999999 23.311472359180215 3.770413882015268 4.695700000000002 13.217399999999998 
7 25 4 -32 1 4 64 71.43 12.170000000000002 28.376434013179683 19.704864386347673 5.565200000000004 12.173900000000003 
7 25 4 -32 2 4 64 66.67 12.0 28.3886440253897 19.700472062304797 5.391300000000001 12.0 
7 25 4 -32 4 4 64 66.67 12.0 27.036677535089872 15.0603786258616 4.8696000000000055 12.0 
7 25 4 -32 8 4 64 66.67 12.170000000000002 27.036677535089872 15.0603786258616 4.8696000000000055 12.173900000000003 
7 25 4 -32 16 4 64 61.9 11.299999999999997 23.94569183347134 4.8475374787958465 3.8260999999999967 11.304299999999998 
7 25 4 -32 32 4 64 66.67 13.040000000000006 23.23214701061035 2.895747424481754 4.521699999999996 13.043499999999995 
7 25 4 -32 64 4 64 71.43 13.39 23.07906986815811 2.78966436957387 4.521699999999996 13.391300000000001 
7 30 4 -32 1 4 64 71.43 12.519999999999996 29.605660102383997 20.36815539173209 5.912999999999997 12.521699999999996 
7 30 4 -32 2 4 64 71.43 12.519999999999996 29.605660102383997 20.36815539173209 5.912999999999997 12.521699999999996 
7 30 4 -32 4 4 64 71.43 11.650000000000006 29.625272095329326 20.528608649023127 5.565200000000004 11.652199999999993 
7 30 4 -32 8 4 64 66.67 11.650000000000006 28.64027582616639 16.563464144269496 5.217399999999998 11.652199999999993 
7 30 4 -32 16 4 64 66.67 11.299999999999997 25.439812336529855 7.280830768065026 4.521699999999996 11.304299999999998 
7 30 4 -32 32 4 64 66.67 12.700000000000003 23.37854996854997 3.5618596617406273 4.521699999999996 12.695700000000002 
7 30 4 -32 64 4 64 66.67 13.040000000000006 23.495758154217455 3.928986666925058 4.521699999999996 12.869600000000005 
