5 0 4 -32 1 4 64 61.9 9.39 23.622378902921884 4.089735553976439 4.695700000000002 9.391300000000001 
5 0 4 -32 2 4 64 57.14 8.519999999999996 23.658340448227438 4.12016051822868 4.0 8.521699999999996 
5 0 4 -32 4 4 64 57.14 8.519999999999996 23.338276454250405 3.7737839350856555 4.0 8.521699999999996 
5 0 4 -32 8 4 64 57.14 8.349999999999994 23.357032389673005 3.7543008217926976 3.8260999999999967 8.347800000000007 
5 0 4 -32 16 4 64 52.38 8.700000000000003 22.93176234976224 3.352812150686378 3.8260999999999967 8.695700000000002 
5 0 4 -32 32 4 64 57.14 9.39 22.859552364552364 3.3356224612492755 3.6521999999999935 9.391300000000001 
5 0 4 -32 64 4 64 71.43 11.480000000000004 23.21955850249968 4.130748835328674 4.0 11.478300000000004 
5 10 4 -32 1 4 64 76.19 10.090000000000003 23.3820344081576 5.182994394975931 3.8260999999999967 10.087000000000003 
5 10 4 -32 2 4 64 76.19 9.739999999999995 23.041108138659904 5.14782614127319 3.6521999999999935 9.739099999999993 
5 10 4 -32 4 4 64 76.19 9.569999999999993 23.007094533217728 5.1687090586600695 3.6521999999999935 9.565200000000004 
5 10 4 -32 8 4 64 66.67 9.219999999999999 22.385298365847024 3.3283060904765165 3.1303999999999945 9.217399999999998 
5 10 4 -32 16 4 64 61.9 9.569999999999993 22.340375609220004 3.008413872158198 3.304299999999998 9.565200000000004 
5 10 4 -32 32 4 64 61.9 10.430000000000007 22.352420570115335 2.8010334337681764 3.4783000000000044 10.260900000000007 
5 10 4 -32 64 4 64 66.67 12.170000000000002 22.71347253208232 3.166626831349715 4.3478000000000065 12.0 
5 15 4 -32 1 4 64 61.9 11.299999999999997 24.96129220752409 7.894563087276868 5.217399999999998 11.304299999999998 
5 15 4 -32 2 4 64 61.9 10.780000000000001 24.739951695034513 7.612771932677444 4.695700000000002 10.782600000000002 
5 15 4 -32 4 4 64 61.9 10.61 24.776768273517757 7.5957298952721635 4.695700000000002 10.608699999999999 
5 15 4 -32 8 4 64 61.9 10.090000000000003 24.47955260673687 7.532449249641139 4.0 10.087000000000003 
5 15 4 -32 16 4 64 66.67 10.430000000000007 23.362635175796882 5.045696023107321 3.4783000000000044 10.434799999999996 
5 15 4 -32 32 4 64 66.67 11.129999999999995 22.799765970774466 3.3582492483653312 4.0 11.130399999999995 
5 15 4 -32 64 4 64 71.43 13.040000000000006 22.7797160424928 2.7559145874135007 4.3478000000000065 13.043499999999995 
5 20 4 -32 1 4 64 71.43 12.0 27.15252091038323 14.382157329854147 5.391300000000001 12.0 
5 20 4 -32 2 4 64 71.43 11.829999999999998 27.1903041148331 14.41651062200822 5.391300000000001 11.826099999999997 
5 20 4 -32 4 4 64 66.67 11.480000000000004 26.832837378670714 14.382201012721213 5.0434999999999945 11.478300000000004 
5 20 4 -32 8 4 64 66.67 10.61 25.770233859001976 10.737996388299782 4.521699999999996 10.608699999999999 
5 20 4 -32 16 4 64 71.43 11.650000000000006 25.36610631719327 9.076837983765223 3.8260999999999967 11.652199999999993 
5 20 4 -32 32 4 64 71.43 12.700000000000003 23.743532309610003 4.886777644925646 4.173900000000003 12.695700000000002 
5 20 4 -32 64 4 64 71.43 13.39 23.290245546370194 2.9802136801322097 4.173900000000003 13.391300000000001 
5 25 4 -32 1 4 64 71.43 12.0 26.336620879120876 11.10328887307541 5.217399999999998 12.0 
5 25 4 -32 2 4 64 76.19 12.0 26.3639653784219 10.876637100559504 4.695700000000002 12.0 
5 25 4 -32 4 4 64 76.19 12.0 26.3639653784219 10.876637100559504 4.695700000000002 12.0 
5 25 4 -32 8 4 64 76.19 12.0 26.36392874838527 10.874884159828667 4.695700000000002 12.0 
5 25 4 -32 16 4 64 71.43 10.959999999999994 25.279350220364716 10.106147310628877 3.6521999999999935 10.956500000000005 
5 25 4 -32 32 4 64 71.43 11.650000000000006 22.912031416555223 3.7047820047655438 3.4783000000000044 11.652199999999993 
5 25 4 -32 64 4 64 76.19 13.040000000000006 22.98774519082776 2.886289854610086 4.173900000000003 13.043499999999995 
5 30 4 -32 1 4 64 71.43 12.170000000000002 26.95699828500172 12.637305350111879 5.217399999999998 12.173900000000003 
5 30 4 -32 2 4 64 71.43 12.0 26.61892366121281 12.662124425000629 5.0434999999999945 12.0 
5 30 4 -32 4 4 64 71.43 11.650000000000006 26.52251406839017 12.701531114428171 4.695700000000002 11.652199999999993 
5 30 4 -32 8 4 64 66.67 11.480000000000004 26.17517434021711 12.619742743721547 4.3478000000000065 11.478300000000004 
5 30 4 -32 16 4 64 66.67 11.299999999999997 24.952961957718685 9.431414607470517 3.8260999999999967 11.304299999999998 
5 30 4 -32 32 4 64 66.67 11.829999999999998 23.115618644831894 2.926089536881535 4.173900000000003 11.826099999999997 
5 30 4 -32 64 4 64 76.19 13.219999999999999 23.184725707946992 2.3593331578634356 4.3478000000000065 13.217399999999998 
