2 0 4 -32 1 4 64 85.71000000000001 13.219999999999999 21.929960618879498 3.6739990674303473 2.9565000000000055 13.043499999999995 
2 0 4 -32 2 4 64 80.95 11.480000000000004 22.021619823872037 3.655183018915466 2.9565000000000055 11.304299999999998 
2 0 4 -32 4 4 64 66.67 9.219999999999999 22.169538307504812 3.6103873726206093 2.0870000000000033 9.043499999999995 
2 0 4 -32 8 4 64 66.67 8.870000000000005 21.94739348803856 3.68142410671608 1.5652000000000044 8.695700000000002 
2 0 4 -32 16 4 64 57.14 9.219999999999999 21.65979575838291 2.3528460939543856 1.9129999999999967 9.043499999999995 
2 0 4 -32 32 4 64 61.9 11.480000000000004 21.938664991126807 2.819357539901246 3.304299999999998 11.130399999999995 
2 0 4 -32 64 4 64 61.9 12.0 21.897929357377983 2.687726385967504 3.8260999999999967 11.826099999999997 
2 10 4 -32 1 4 64 80.95 10.959999999999994 22.553726522595568 3.3722263502161196 2.782600000000002 10.956500000000005 
2 10 4 -32 2 4 64 71.43 10.090000000000003 22.589064987041176 3.439040081394706 2.2609000000000066 10.087000000000003 
2 10 4 -32 4 4 64 71.43 9.040000000000006 22.456253431312955 3.477771827115759 1.5652000000000044 9.043499999999995 
2 10 4 -32 8 4 64 71.43 8.519999999999996 22.443476525678903 3.4548322426858236 1.391300000000001 8.521699999999996 
2 10 4 -32 16 4 64 61.9 8.870000000000005 22.340201891188734 2.503440341344765 1.5652000000000044 8.869600000000005 
2 10 4 -32 32 4 64 66.67 10.430000000000007 22.141801826920876 2.243121873365814 2.4347999999999956 10.434799999999996 
2 10 4 -32 64 4 64 71.43 13.040000000000006 22.61586022153378 2.650514056403021 4.3478000000000065 13.043499999999995 
2 15 4 -32 1 4 64 80.95 10.61 22.459133001037763 2.602588012353571 1.9129999999999967 10.608699999999999 
2 15 4 -32 2 4 64 80.95 10.090000000000003 22.423058956035145 2.5850263588648463 1.5652000000000044 10.087000000000003 
2 15 4 -32 4 4 64 71.43 8.870000000000005 22.418954885502508 2.5901821044679005 1.0434999999999945 8.869600000000005 
2 15 4 -32 8 4 64 66.67 8.700000000000003 22.38067649722412 2.424432710806641 1.0434999999999945 8.695700000000002 
2 15 4 -32 16 4 64 61.9 10.61 22.801680357592755 2.822307792591044 1.7390999999999934 10.260900000000007 
2 15 4 -32 32 4 64 71.43 13.219999999999999 23.065108528679268 2.973869146516876 2.9565000000000055 12.869600000000005 
2 15 4 -32 64 4 64 71.43 13.569999999999993 22.911262686956135 2.47982049907414 4.173900000000003 13.391300000000001 
2 20 4 -32 1 4 64 85.71000000000001 9.909999999999997 22.54526273909419 2.2351526515383617 1.7390999999999934 9.912999999999997 
2 20 4 -32 2 4 64 76.19 9.909999999999997 22.592406078211216 2.299627450592072 1.5652000000000044 9.912999999999997 
2 20 4 -32 4 4 64 66.67 9.040000000000006 22.763956431445926 3.0183842618774017 0.8696000000000055 9.043499999999995 
2 20 4 -32 8 4 64 61.9 8.519999999999996 22.916643017337314 3.41484430902962 1.0434999999999945 8.521699999999996 
2 20 4 -32 16 4 64 61.9 9.569999999999993 22.906155488992642 3.482071980755093 1.2173999999999978 9.565200000000004 
2 20 4 -32 32 4 64 66.67 13.739999999999995 23.10990065455939 3.2129220938804903 3.4783000000000044 13.391300000000001 
2 20 4 -32 64 4 64 71.43 13.739999999999995 23.23297963746493 2.989519932397296 4.173900000000003 13.739099999999993 
2 25 4 -32 1 4 64 76.19 9.219999999999999 22.98502043034256 3.1246299462231377 0.8696000000000055 9.217399999999998 
2 25 4 -32 2 4 64 76.19 9.040000000000006 22.98148563180776 3.091047770101613 0.5216999999999956 9.043499999999995 
2 25 4 -32 4 4 64 66.67 8.170000000000002 23.003701749023875 3.069281092666725 0.6957000000000022 8.173900000000003 
2 25 4 -32 8 4 64 66.67 8.519999999999996 23.127724696921682 3.5309154350265533 0.8696000000000055 8.521699999999996 
2 25 4 -32 16 4 64 66.67 9.909999999999997 23.300987912464308 4.1010621424932845 1.5652000000000044 9.912999999999997 
2 25 4 -32 32 4 64 71.43 13.569999999999993 23.43823221549566 3.291976484923596 3.4783000000000044 13.217399999999998 
2 25 4 -32 64 4 64 76.19 14.780000000000001 23.671829453356068 3.4876999411823717 4.8696000000000055 14.782600000000002 
2 30 4 -32 1 4 64 80.95 11.650000000000006 22.983067795870284 2.918718160523243 1.7390999999999934 11.652199999999993 
2 30 4 -32 2 4 64 80.95 11.299999999999997 22.974950912753396 2.8858694778276965 1.7390999999999934 11.304299999999998 
2 30 4 -32 4 4 64 66.67 9.909999999999997 22.96364539909494 3.0463764160632802 1.2173999999999978 9.912999999999997 
2 30 4 -32 8 4 64 61.9 10.260000000000005 23.044758472549898 3.5411901606048684 1.2173999999999978 10.260900000000007 
2 30 4 -32 16 4 64 71.43 13.219999999999999 23.479931432103665 3.572892937830413 2.4347999999999956 13.043499999999995 
2 30 4 -32 32 4 64 71.43 14.61 23.715065668050908 3.0189582879483274 4.0 14.260900000000007 
2 30 4 -32 64 4 64 76.19 14.61 23.752553112997617 3.1404195368035706 4.521699999999996 14.608699999999999 
