10 0 4 -32 1 4 64 90.48 15.829999999999998 31.388557119078634 27.53460428754928 8.173900000000003 15.652199999999993 
10 0 4 -32 2 4 64 90.48 15.829999999999998 31.388557119078634 27.53460428754928 8.173900000000003 15.652199999999993 
10 0 4 -32 4 4 64 80.95 14.959999999999994 30.79273855958083 26.633110866389316 7.304299999999998 14.782600000000002 
10 0 4 -32 8 4 64 80.95 14.959999999999994 30.432535136169857 26.24266899189977 6.9565000000000055 14.782600000000002 
10 0 4 -32 16 4 64 80.95 13.739999999999995 28.927645440664598 22.215182459333988 5.912999999999997 13.739099999999993 
10 0 4 -32 32 4 64 80.95 13.569999999999993 28.082068317027613 18.177126230724568 5.565200000000004 13.565200000000004 
10 0 4 -32 64 4 64 80.95 13.739999999999995 23.469094238111527 7.948473464524195 4.8696000000000055 13.565200000000004 
10 10 4 -32 1 4 64 76.19 13.569999999999993 31.326445692090342 19.182775517841517 6.608699999999999 13.565200000000004 
10 10 4 -32 2 4 64 71.43 13.39 30.434949287260604 15.716204975315808 6.434799999999996 13.391300000000001 
10 10 4 -32 4 4 64 71.43 13.219999999999999 30.437113789425105 15.715844429853908 6.260900000000007 13.217399999999998 
10 10 4 -32 8 4 64 66.67 13.040000000000006 30.425861924006572 15.719367100207457 6.087000000000003 13.043499999999995 
10 10 4 -32 16 4 64 66.67 12.870000000000005 28.278553844079447 9.31121208782614 5.565200000000004 12.869600000000005 
10 10 4 -32 32 4 64 71.43 12.170000000000002 25.785478961312492 4.519900914400024 5.391300000000001 12.0 
10 10 4 -32 64 4 64 76.19 13.739999999999995 25.672474816429318 3.4675006756935196 5.0434999999999945 13.565200000000004 
10 15 4 -32 1 4 64 76.19 12.870000000000005 26.607515810099503 8.756951527536428 6.087000000000003 12.869600000000005 
10 15 4 -32 2 4 64 76.19 12.870000000000005 26.607515810099503 8.756951527536428 6.087000000000003 12.869600000000005 
10 15 4 -32 4 4 64 76.19 13.040000000000006 26.252034044048635 8.113150129156866 6.087000000000003 13.043499999999995 
10 15 4 -32 8 4 64 71.43 12.700000000000003 26.307978099992688 8.148387687524 5.912999999999997 12.695700000000002 
10 15 4 -32 16 4 64 71.43 12.170000000000002 25.489981173186237 5.63462730234662 5.391300000000001 12.173900000000003 
10 15 4 -32 32 4 64 71.43 12.170000000000002 24.036879219602277 3.2462437010568497 4.521699999999996 12.0 
10 15 4 -32 64 4 64 71.43 12.170000000000002 24.179161771666173 3.876519776556072 4.3478000000000065 12.173900000000003 
10 20 4 -32 1 4 64 85.71000000000001 13.219999999999999 27.535176100631865 12.486465638566154 5.912999999999997 13.217399999999998 
10 20 4 -32 2 4 64 76.19 12.870000000000005 27.574050066172497 12.473913706513837 5.565200000000004 12.869600000000005 
10 20 4 -32 4 4 64 76.19 13.040000000000006 26.228357255319587 8.327317210496311 5.217399999999998 13.043499999999995 
10 20 4 -32 8 4 64 76.19 13.040000000000006 26.24699079569226 8.328633762895317 5.217399999999998 13.043499999999995 
10 20 4 -32 16 4 64 76.19 12.519999999999996 25.486429674972864 5.913159770669895 4.695700000000002 12.521699999999996 
10 20 4 -32 32 4 64 76.19 13.219999999999999 24.1926239463038 3.723878732519314 4.8696000000000055 13.043499999999995 
10 20 4 -32 64 4 64 76.19 13.569999999999993 23.939215609805064 3.127976219233698 5.391300000000001 13.391300000000001 
10 25 4 -32 1 4 64 71.43 13.569999999999993 27.278390664836962 12.407188699018468 5.391300000000001 13.391300000000001 
10 25 4 -32 2 4 64 71.43 13.569999999999993 27.278390664836962 12.407188699018468 5.391300000000001 13.391300000000001 
10 25 4 -32 4 4 64 71.43 13.739999999999995 27.30549546387159 12.411190246438364 5.217399999999998 13.565200000000004 
10 25 4 -32 8 4 64 71.43 13.219999999999999 26.457958951505145 10.442405879644559 5.0434999999999945 13.043499999999995 
10 25 4 -32 16 4 64 76.19 13.219999999999999 24.907846398234692 5.585487221824288 5.0434999999999945 13.217399999999998 
10 25 4 -32 32 4 64 76.19 12.870000000000005 24.830282389511268 5.2074714601023215 4.695700000000002 12.695700000000002 
10 25 4 -32 64 4 64 71.43 13.219999999999999 24.649632548826713 4.203639612965411 4.8696000000000055 13.217399999999998 
10 30 4 -32 1 4 64 85.71000000000001 13.040000000000006 26.514200868210164 10.047138519186488 6.087000000000003 13.043499999999995 
10 30 4 -32 2 4 64 85.71000000000001 13.040000000000006 26.535629439638736 10.06839093698597 5.912999999999997 13.043499999999995 
10 30 4 -32 4 4 64 85.71000000000001 13.040000000000006 26.535629439638736 10.06839093698597 5.912999999999997 13.043499999999995 
10 30 4 -32 8 4 64 71.43 13.219999999999999 25.703154703972505 7.718775618309469 5.0434999999999945 13.043499999999995 
10 30 4 -32 16 4 64 66.67 12.349999999999994 24.896139690337286 5.563594979999202 4.521699999999996 12.347800000000007 
10 30 4 -32 32 4 64 71.43 13.219999999999999 23.91984060085863 4.319512121307306 4.3478000000000065 13.217399999999998 
10 30 4 -32 64 4 64 71.43 13.39 23.631495984722026 3.4737555236739275 4.521699999999996 13.391300000000001 
