1 0 4 -32 1 4 64 85.71000000000001 11.480000000000004 23.710679901072062 2.984376602155858 1.9129999999999967 11.478300000000004 
1 0 4 -32 2 4 64 80.95 10.61 23.71428903703414 2.9812858034291705 1.5652000000000044 10.608699999999999 
1 0 4 -32 4 4 64 76.19 11.480000000000004 23.80596344313431 2.894542372735073 1.391300000000001 11.478300000000004 
1 0 4 -32 8 4 64 76.19 12.349999999999994 23.76140028453754 2.960732977140939 1.7390999999999934 12.347800000000007 
1 0 4 -32 16 4 64 76.19 12.700000000000003 23.605513891518797 2.6840678297742224 2.2609000000000066 12.695700000000002 
1 0 4 -32 32 4 64 76.19 13.739999999999995 24.014130141048906 3.00520301610572 4.173900000000003 13.739099999999993 
1 0 4 -32 64 4 64 76.19 14.430000000000007 23.873951569620335 2.3779102783197392 4.521699999999996 14.434799999999996 
1 10 4 -32 1 4 64 85.71000000000001 11.480000000000004 23.710679901072062 2.984376602155858 1.9129999999999967 11.478300000000004 
1 10 4 -32 2 4 64 80.95 10.61 23.71428903703414 2.9812858034291705 1.5652000000000044 10.608699999999999 
1 10 4 -32 4 4 64 76.19 11.480000000000004 23.80596344313431 2.894542372735073 1.391300000000001 11.478300000000004 
1 10 4 -32 8 4 64 76.19 12.349999999999994 23.76140028453754 2.960732977140939 1.7390999999999934 12.347800000000007 
1 10 4 -32 16 4 64 76.19 12.700000000000003 23.605513891518797 2.6840678297742224 2.2609000000000066 12.695700000000002 
1 10 4 -32 32 4 64 76.19 13.739999999999995 24.014130141048906 3.00520301610572 4.173900000000003 13.739099999999993 
1 10 4 -32 64 4 64 76.19 14.430000000000007 23.873951569620335 2.3779102783197392 4.521699999999996 14.434799999999996 
1 15 4 -32 1 4 64 85.71000000000001 11.480000000000004 23.710679901072062 2.984376602155858 1.9129999999999967 11.478300000000004 
1 15 4 -32 2 4 64 80.95 10.61 23.71428903703414 2.9812858034291705 1.5652000000000044 10.608699999999999 
1 15 4 -32 4 4 64 76.19 11.480000000000004 23.80596344313431 2.894542372735073 1.391300000000001 11.478300000000004 
1 15 4 -32 8 4 64 76.19 12.349999999999994 23.76140028453754 2.960732977140939 1.7390999999999934 12.347800000000007 
1 15 4 -32 16 4 64 76.19 12.700000000000003 23.605513891518797 2.6840678297742224 2.2609000000000066 12.695700000000002 
1 15 4 -32 32 4 64 76.19 13.739999999999995 24.014130141048906 3.00520301610572 4.173900000000003 13.739099999999993 
1 15 4 -32 64 4 64 76.19 14.430000000000007 23.873951569620335 2.3779102783197392 4.521699999999996 14.434799999999996 
1 20 4 -32 1 4 64 85.71000000000001 11.480000000000004 23.710679901072062 2.984376602155858 1.9129999999999967 11.478300000000004 
1 20 4 -32 2 4 64 80.95 10.61 23.71428903703414 2.9812858034291705 1.5652000000000044 10.608699999999999 
1 20 4 -32 4 4 64 76.19 11.480000000000004 23.80596344313431 2.894542372735073 1.391300000000001 11.478300000000004 
1 20 4 -32 8 4 64 76.19 12.349999999999994 23.76140028453754 2.960732977140939 1.7390999999999934 12.347800000000007 
1 20 4 -32 16 4 64 76.19 12.700000000000003 23.605513891518797 2.6840678297742224 2.2609000000000066 12.695700000000002 
1 20 4 -32 32 4 64 76.19 13.739999999999995 24.014130141048906 3.00520301610572 4.173900000000003 13.739099999999993 
1 20 4 -32 64 4 64 76.19 14.430000000000007 23.873951569620335 2.3779102783197392 4.521699999999996 14.434799999999996 
1 25 4 -32 1 4 64 85.71000000000001 11.480000000000004 23.710679901072062 2.984376602155858 1.9129999999999967 11.478300000000004 
1 25 4 -32 2 4 64 80.95 10.61 23.71428903703414 2.9812858034291705 1.5652000000000044 10.608699999999999 
1 25 4 -32 4 4 64 76.19 11.480000000000004 23.80596344313431 2.894542372735073 1.391300000000001 11.478300000000004 
1 25 4 -32 8 4 64 76.19 12.349999999999994 23.76140028453754 2.960732977140939 1.7390999999999934 12.347800000000007 
1 25 4 -32 16 4 64 76.19 12.700000000000003 23.605513891518797 2.6840678297742224 2.2609000000000066 12.695700000000002 
1 25 4 -32 32 4 64 76.19 13.739999999999995 24.014130141048906 3.00520301610572 4.173900000000003 13.739099999999993 
1 25 4 -32 64 4 64 76.19 14.430000000000007 23.873951569620335 2.3779102783197392 4.521699999999996 14.434799999999996 
1 30 4 -32 1 4 64 85.71000000000001 11.480000000000004 23.710679901072062 2.984376602155858 1.9129999999999967 11.478300000000004 
1 30 4 -32 2 4 64 80.95 10.61 23.71428903703414 2.9812858034291705 1.5652000000000044 10.608699999999999 
1 30 4 -32 4 4 64 76.19 11.480000000000004 23.80596344313431 2.894542372735073 1.391300000000001 11.478300000000004 
1 30 4 -32 8 4 64 76.19 12.349999999999994 23.76140028453754 2.960732977140939 1.7390999999999934 12.347800000000007 
1 30 4 -32 16 4 64 76.19 12.700000000000003 23.605513891518797 2.6840678297742224 2.2609000000000066 12.695700000000002 
1 30 4 -32 32 4 64 76.19 13.739999999999995 24.014130141048906 3.00520301610572 4.173900000000003 13.739099999999993 
1 30 4 -32 64 4 64 76.19 14.430000000000007 23.873951569620335 2.3779102783197392 4.521699999999996 14.434799999999996 
