9 0 4 -32 1 4 64 76.19 13.39 30.930943530530232 19.263452442745397 6.608699999999999 13.391300000000001 
9 0 4 -32 2 4 64 76.19 13.219999999999999 31.07397193070149 19.89858055227908 6.260900000000007 13.217399999999998 
9 0 4 -32 4 4 64 76.19 13.040000000000006 29.953952494355523 15.302445323603573 6.087000000000003 13.043499999999995 
9 0 4 -32 8 4 64 71.43 12.349999999999994 28.801336799224053 12.109498112010577 5.0434999999999945 12.347800000000007 
9 0 4 -32 16 4 64 71.43 12.349999999999994 27.149312438990403 7.210422150961921 4.8696000000000055 12.347800000000007 
9 0 4 -32 32 4 64 76.19 13.040000000000006 26.14104100647657 5.180619959420657 4.8696000000000055 13.043499999999995 
9 0 4 -32 64 4 64 76.19 13.040000000000006 24.88064784944476 3.532053221075178 5.0434999999999945 12.869600000000005 
9 10 4 -32 1 4 64 71.43 13.219999999999999 31.34695329524277 26.170731080861124 6.087000000000003 13.217399999999998 
9 10 4 -32 2 4 64 71.43 13.39 31.36106264268545 26.1654179798924 6.087000000000003 13.391300000000001 
9 10 4 -32 4 4 64 71.43 13.219999999999999 31.345988210944352 26.171148979079373 5.912999999999997 13.217399999999998 
9 10 4 -32 8 4 64 71.43 12.870000000000005 29.78546725042339 19.622180687832095 5.565200000000004 12.869600000000005 
9 10 4 -32 16 4 64 66.67 13.040000000000006 28.173614690744746 13.179897754652087 5.391300000000001 13.043499999999995 
9 10 4 -32 32 4 64 66.67 12.170000000000002 25.28357766869564 7.803777022592157 4.0 12.173900000000003 
9 10 4 -32 64 4 64 71.43 13.569999999999993 24.38365792510992 4.059770941220038 5.217399999999998 13.565200000000004 
9 15 4 -32 1 4 64 76.19 13.739999999999995 29.597259144644205 20.009279831736176 6.260900000000007 13.739099999999993 
9 15 4 -32 2 4 64 76.19 13.39 29.44062062716825 20.070523751769223 5.912999999999997 13.391300000000001 
9 15 4 -32 4 4 64 76.19 13.39 29.442888200864395 20.06920142534178 5.912999999999997 13.391300000000001 
9 15 4 -32 8 4 64 66.67 13.040000000000006 29.49749680213966 20.05098794806795 5.565200000000004 13.043499999999995 
9 15 4 -32 16 4 64 66.67 13.39 27.633920402659896 12.513957519922306 4.521699999999996 13.391300000000001 
9 15 4 -32 32 4 64 66.67 12.700000000000003 24.418005260338685 4.7520907846221485 4.3478000000000065 12.695700000000002 
9 15 4 -32 64 4 64 66.67 13.39 24.50106920275517 5.176375494560703 5.217399999999998 13.217399999999998 
9 20 4 -32 1 4 64 76.19 14.61 29.617491990048382 19.65817027192379 6.434799999999996 14.608699999999999 
9 20 4 -32 2 4 64 71.43 14.430000000000007 28.738235444125174 16.484761439177703 6.260900000000007 14.434799999999996 
9 20 4 -32 4 4 64 71.43 14.780000000000001 28.778799818022872 16.468030995410505 6.260900000000007 14.782600000000002 
9 20 4 -32 8 4 64 71.43 14.430000000000007 28.20753879509519 15.047749204803981 5.565200000000004 14.434799999999996 
9 20 4 -32 16 4 64 66.67 13.39 25.522142661246676 7.675050159619886 4.3478000000000065 13.391300000000001 
9 20 4 -32 32 4 64 71.43 13.040000000000006 23.70296659911267 4.489738684489758 4.173900000000003 13.043499999999995 
9 20 4 -32 64 4 64 71.43 13.39 23.479953625383978 3.878036424718485 4.695700000000002 13.391300000000001 
9 25 4 -32 1 4 64 76.19 13.569999999999993 28.997554768864294 17.43836626065034 6.434799999999996 13.565200000000004 
9 25 4 -32 2 4 64 71.43 13.040000000000006 28.227113403236597 14.253914554259438 6.260900000000007 13.043499999999995 
9 25 4 -32 4 4 64 71.43 13.040000000000006 28.227113403236597 14.253914554259438 6.260900000000007 13.043499999999995 
9 25 4 -32 8 4 64 71.43 12.349999999999994 27.225142935432793 12.788992462707164 5.739099999999993 12.347800000000007 
9 25 4 -32 16 4 64 76.19 11.829999999999998 25.982751838108978 9.63955438162695 5.0434999999999945 11.826099999999997 
9 25 4 -32 32 4 64 66.67 12.0 24.11596940050574 5.18466923904422 4.521699999999996 12.0 
9 25 4 -32 64 4 64 66.67 12.870000000000005 23.365323154335258 3.416178898144975 4.695700000000002 12.869600000000005 
9 30 4 -32 1 4 64 76.19 13.219999999999999 28.68877487496017 15.596650310682273 6.782600000000002 13.217399999999998 
9 30 4 -32 2 4 64 76.19 12.870000000000005 28.178260697779326 14.472793586886594 6.434799999999996 12.869600000000005 
9 30 4 -32 4 4 64 71.43 12.700000000000003 28.184806620991917 14.470062063343459 6.260900000000007 12.695700000000002 
9 30 4 -32 8 4 64 66.67 12.170000000000002 27.0042745164122 12.82991112309754 5.912999999999997 12.173900000000003 
9 30 4 -32 16 4 64 71.43 12.170000000000002 24.721879839505153 8.0813473760642 5.217399999999998 12.173900000000003 
9 30 4 -32 32 4 64 66.67 11.829999999999998 23.077135774994282 3.805136388906165 4.8696000000000055 11.826099999999997 
9 30 4 -32 64 4 64 71.43 13.569999999999993 22.968891313842295 3.3276196413040426 5.217399999999998 13.391300000000001 
