3 0 4 -32 1 4 64 76.19 9.39 23.218613831150066 4.4284949660293185 3.8260999999999967 9.217399999999998 
3 0 4 -32 2 4 64 76.19 9.219999999999999 23.230518593054825 4.425706227426071 3.6521999999999935 9.043499999999995 
3 0 4 -32 4 4 64 66.67 8.349999999999994 22.956058701094932 3.2415890859066896 2.782600000000002 8.173900000000003 
3 0 4 -32 8 4 64 61.9 8.170000000000002 22.749382423132424 2.943373718958298 2.608699999999999 8.0 
3 0 4 -32 16 4 64 61.9 8.870000000000005 22.286893835881934 2.5907224214980538 2.608699999999999 8.869600000000005 
3 0 4 -32 32 4 64 61.9 10.090000000000003 22.324349380777953 2.143201757522638 3.1303999999999945 9.912999999999997 
3 0 4 -32 64 4 64 71.43 13.040000000000006 23.011471815221817 3.0049100770233315 4.173900000000003 13.043499999999995 
3 10 4 -32 1 4 64 80.95 10.260000000000005 23.11628478415228 4.266820740868056 4.521699999999996 10.260900000000007 
3 10 4 -32 2 4 64 76.19 9.040000000000006 22.914775754879273 4.111318650233729 3.6521999999999935 9.043499999999995 
3 10 4 -32 4 4 64 66.67 8.349999999999994 22.96809484319836 4.103870525650484 3.304299999999998 8.347800000000007 
3 10 4 -32 8 4 64 61.9 8.519999999999996 23.03605541724589 4.143585728092656 3.1303999999999945 8.347800000000007 
3 10 4 -32 16 4 64 61.9 8.349999999999994 22.499681423306107 3.060917618666326 2.782600000000002 8.347800000000007 
3 10 4 -32 32 4 64 61.9 9.569999999999993 22.534522492498684 2.5151510058734368 3.6521999999999935 9.565200000000004 
3 10 4 -32 64 4 64 71.43 13.39 23.067646307877233 3.2265563152814356 4.521699999999996 13.391300000000001 
3 15 4 -32 1 4 64 85.71000000000001 10.090000000000003 23.307938143495786 5.4766579407480025 4.695700000000002 10.087000000000003 
3 15 4 -32 2 4 64 80.95 9.739999999999995 23.332325679286832 5.47123953346053 4.173900000000003 9.739099999999993 
3 15 4 -32 4 4 64 71.43 8.700000000000003 23.37401066097181 5.475602146424217 3.6521999999999935 8.695700000000002 
3 15 4 -32 8 4 64 61.9 8.0 22.955540231373558 4.452859053160421 2.608699999999999 7.826099999999997 
3 15 4 -32 16 4 64 61.9 8.349999999999994 22.997586691354805 4.175884708055419 2.9565000000000055 8.173900000000003 
3 15 4 -32 32 4 64 61.9 9.739999999999995 22.85073168070888 3.0822484606794274 3.8260999999999967 9.739099999999993 
3 15 4 -32 64 4 64 66.67 12.519999999999996 22.903044261475628 3.284604394642282 4.3478000000000065 12.521699999999996 
3 20 4 -32 1 4 64 85.71000000000001 9.569999999999993 24.359505272768878 7.24730223108965 4.0 9.565200000000004 
3 20 4 -32 2 4 64 71.43 8.870000000000005 24.377390720654326 7.245458880114683 3.6521999999999935 8.869600000000005 
3 20 4 -32 4 4 64 61.9 8.519999999999996 24.053881667978604 7.042179573517406 3.1303999999999945 8.521699999999996 
3 20 4 -32 8 4 64 61.9 8.700000000000003 23.11204188776681 3.082178804331295 2.9565000000000055 8.347800000000007 
3 20 4 -32 16 4 64 61.9 9.569999999999993 23.223344514784877 3.074244419668253 3.304299999999998 9.217399999999998 
3 20 4 -32 32 4 64 61.9 10.430000000000007 22.952839988494745 2.9056098152100716 3.8260999999999967 10.260900000000007 
3 20 4 -32 64 4 64 66.67 12.870000000000005 23.405150497650496 2.9496039012215953 4.3478000000000065 12.869600000000005 
3 25 4 -32 1 4 64 76.19 9.909999999999997 24.80360849027516 6.7168644676153075 4.521699999999996 9.912999999999997 
3 25 4 -32 2 4 64 61.9 8.519999999999996 23.8018242878607 4.58981388900164 3.304299999999998 8.521699999999996 
3 25 4 -32 4 4 64 57.14 8.170000000000002 23.842153958190377 4.582304235104374 3.1303999999999945 8.173900000000003 
3 25 4 -32 8 4 64 57.14 9.040000000000006 23.40134481525908 3.4026840335309765 3.1303999999999945 9.043499999999995 
3 25 4 -32 16 4 64 61.9 9.739999999999995 23.470281830891473 3.3986998832940363 2.9565000000000055 9.739099999999993 
3 25 4 -32 32 4 64 61.9 10.780000000000001 23.389895173306144 3.8283848945800916 4.0 10.608699999999999 
3 25 4 -32 64 4 64 66.67 14.090000000000003 23.925462324617918 3.7294693241953647 4.8696000000000055 13.912999999999997 
3 30 4 -32 1 4 64 71.43 8.700000000000003 23.7237563142325 6.371363884659798 2.9565000000000055 8.695700000000002 
3 30 4 -32 2 4 64 66.67 8.349999999999994 23.78463950511569 6.359503445702129 2.782600000000002 8.347800000000007 
3 30 4 -32 4 4 64 57.14 8.0 23.671030891507076 6.240969755354553 2.608699999999999 8.0 
3 30 4 -32 8 4 64 57.14 8.700000000000003 23.04867705486753 3.335069140728509 2.782600000000002 8.695700000000002 
3 30 4 -32 16 4 64 61.9 9.040000000000006 23.004874262325238 3.3421035659729807 2.608699999999999 9.043499999999995 
3 30 4 -32 32 4 64 61.9 10.959999999999994 23.47709466122631 3.8302723772723213 4.0 10.782600000000002 
3 30 4 -32 64 4 64 66.67 12.870000000000005 23.352705617859677 3.4356042121976174 4.8696000000000055 12.869600000000005 
