4 0 4 -32 1 4 64 66.67 10.61 23.50931441263567 5.479602578438257 4.8696000000000055 10.608699999999999 
4 0 4 -32 2 4 64 66.67 10.430000000000007 23.50656715988842 5.480681484638929 4.8696000000000055 10.434799999999996 
4 0 4 -32 4 4 64 61.9 9.909999999999997 23.219644377768468 5.197982691181001 4.173900000000003 9.912999999999997 
4 0 4 -32 8 4 64 61.9 9.39 22.967186482050167 3.794429408663468 3.304299999999998 9.391300000000001 
4 0 4 -32 16 4 64 66.67 9.739999999999995 22.261146244106403 3.391249141575004 3.1303999999999945 9.739099999999993 
4 0 4 -32 32 4 64 66.67 11.129999999999995 22.546647434267573 3.309300002521237 4.0 11.130399999999995 
4 0 4 -32 64 4 64 71.43 13.39 23.006744350657396 4.2922250651939615 4.8696000000000055 13.391300000000001 
4 10 4 -32 1 4 64 66.67 10.090000000000003 26.599828779647616 14.269640984418661 4.695700000000002 10.087000000000003 
4 10 4 -32 2 4 64 61.9 10.090000000000003 26.606925849244686 14.289341760054954 4.521699999999996 10.087000000000003 
4 10 4 -32 4 4 64 61.9 9.739999999999995 26.387058759812383 14.181883393594385 4.173900000000003 9.739099999999993 
4 10 4 -32 8 4 64 66.67 10.430000000000007 24.256005058991242 6.068140846667148 4.173900000000003 10.434799999999996 
4 10 4 -32 16 4 64 66.67 10.430000000000007 23.2295897312564 3.794782890767328 3.8260999999999967 10.260900000000007 
4 10 4 -32 32 4 64 66.67 11.480000000000004 23.10744909689772 3.9756710880671196 3.8260999999999967 11.304299999999998 
4 10 4 -32 64 4 64 71.43 13.39 23.26131572131572 4.5703420720970085 4.8696000000000055 13.391300000000001 
4 15 4 -32 1 4 64 71.43 9.569999999999993 23.88825772551963 6.531926761294811 3.8260999999999967 9.565200000000004 
4 15 4 -32 2 4 64 66.67 9.909999999999997 23.89798873525064 6.533972706853898 3.8260999999999967 9.912999999999997 
4 15 4 -32 4 4 64 66.67 9.909999999999997 23.774957445552687 6.537267521219027 3.6521999999999935 9.912999999999997 
4 15 4 -32 8 4 64 71.43 9.909999999999997 23.760034097296007 6.543687865250671 3.6521999999999935 9.912999999999997 
4 15 4 -32 16 4 64 71.43 10.090000000000003 23.02689775670352 3.688128783768574 3.4783000000000044 10.087000000000003 
4 15 4 -32 32 4 64 66.67 10.780000000000001 23.146640286943985 3.823721315840528 3.8260999999999967 10.782600000000002 
4 15 4 -32 64 4 64 76.19 13.909999999999997 23.634356023165548 4.4216256863612475 4.8696000000000055 13.912999999999997 
4 20 4 -32 1 4 64 66.67 10.430000000000007 23.395931712256772 6.023313441329097 3.6521999999999935 10.434799999999996 
4 20 4 -32 2 4 64 66.67 10.260000000000005 23.419164652156375 6.004080136093476 3.4783000000000044 10.260900000000007 
4 20 4 -32 4 4 64 71.43 10.430000000000007 23.447552930544653 5.992725671485165 3.4783000000000044 10.434799999999996 
4 20 4 -32 8 4 64 66.67 10.61 22.84641765488557 3.6166715162631444 3.1303999999999945 10.608699999999999 
4 20 4 -32 16 4 64 66.67 10.61 22.84130786168054 3.324898713964341 3.1303999999999945 10.608699999999999 
4 20 4 -32 32 4 64 66.67 11.480000000000004 22.625961501409684 3.43983136808496 4.0 11.478300000000004 
4 20 4 -32 64 4 64 76.19 13.909999999999997 23.565544234787936 4.598880497177807 5.0434999999999945 13.912999999999997 
4 25 4 -32 1 4 64 76.19 12.0 23.997490432273043 6.594993945360495 4.521699999999996 12.0 
4 25 4 -32 2 4 64 76.19 12.0 24.00542694020955 6.5919495241393955 4.521699999999996 12.0 
4 25 4 -32 4 4 64 76.19 11.650000000000006 23.88426393712108 6.568692715142937 4.0 11.652199999999993 
4 25 4 -32 8 4 64 71.43 11.129999999999995 23.394149853673667 4.200935797626046 3.304299999999998 11.130399999999995 
4 25 4 -32 16 4 64 66.67 10.959999999999994 23.021836734693878 2.733808034473507 3.304299999999998 10.956500000000005 
4 25 4 -32 32 4 64 66.67 12.0 22.948526120626962 2.737688528637232 3.8260999999999967 12.0 
4 25 4 -32 64 4 64 76.19 13.739999999999995 23.159696149892234 3.061702045601644 4.695700000000002 13.739099999999993 
4 30 4 -32 1 4 64 76.19 10.780000000000001 22.994458891694915 3.0432577407465358 3.6521999999999935 10.782600000000002 
4 30 4 -32 2 4 64 76.19 10.090000000000003 22.879006264400182 2.5965214676634845 3.304299999999998 10.087000000000003 
4 30 4 -32 4 4 64 66.67 9.569999999999993 22.867714931499393 2.4965701466902512 2.9565000000000055 9.565200000000004 
4 30 4 -32 8 4 64 71.43 10.430000000000007 22.94208229346074 2.616030552021232 3.304299999999998 10.434799999999996 
4 30 4 -32 16 4 64 61.9 10.959999999999994 23.04487164652088 2.6906527641555913 3.4783000000000044 10.956500000000005 
4 30 4 -32 32 4 64 61.9 11.650000000000006 22.99480967004776 2.6552438599499917 4.0 11.652199999999993 
4 30 4 -32 64 4 64 71.43 13.909999999999997 23.2546149938867 2.7733476424185093 4.521699999999996 13.912999999999997 
